CONTRACT_D,PREVIOUS_S,OPEN_PRICE,HIGH_PRICE,LOW_PRICE,CLOSE_PRIC,SETTLEMENT,NET_CHANGE,OI_NO_CON,TRADED_QUA,TRD_NO_CON,TRADED_VAL
FUTSTKCOALINDIA29-MAR-2023,228.9000000,227.1000000,227.1000000,227.0000000,227.0000000,228.4500000,-0.1900000,4.0000000,8400.0000000,2.0000000,1907220.0000000
FUTSTKTITAN29-MAR-2023,2641.9000000,2611.8000000,2611.8000000,2610.0000000,2610.0000000,2607.6000000,-1.2900000,2.0000000,750.0000000,2.0000000,1958175.0000000
FUTSTKTATACHEM29-MAR-2023,953.2500000,0.0000000,0.0000000,0.0000000,,956.7000000,0.3600000,0.0000000,0.0000000,0.0000000,0.0000000
FUTSTKRAIN23-FEB-2023,172.5000000,177.9000000,181.7000000,177.9000000,180.6500000,180.6500000,4.7200000,64.0000000,122500.0000000,35.0000000,22049300.0000000
FUTSTKLTTS25-JAN-2023,3666.3000000,3709.0000000,3717.0000000,3605.2000000,3697.9500000,3697.9500000,0.8600000,4813.0000000,251000.0000000,1255.0000000,926920540.0000000
FUTSTKMANAPPURAM29-MAR-2023,118.1500000,0.0000000,0.0000000,0.0000000,,121.3000000,2.6600000,0.0000000,0.0000000,0.0000000,0.0000000
FUTSTKMANAPPURAM25-JAN-2023,117.0000000,117.5000000,120.7500000,116.9000000,120.2000000,120.2000000,2.7300000,6405.0000000,12858000.0000000,2143.0000000,1536452400.0000000
FUTSTKMFSL23-FEB-2023,683.5000000,682.9000000,690.8500000,682.9000000,689.9500000,689.9500000,0.9400000,26.0000000,7800.0000000,12.0000000,5365750.0000000
FUTSTKFSL29-MAR-2023,104.1500000,0.0000000,0.0000000,0.0000000,,105.0500000,0.8600000,2.0000000,0.0000000,0.0000000,0.0000000
FUTSTKBALRAMCHIN29-MAR-2023,403.5500000,404.0000000,404.0000000,404.0000000,404.0000000,405.6500000,0.5200000,2.0000000,1600.0000000,1.0000000,646400.0000000
FUTSTKHDFCLIFE23-FEB-2023,573.9500000,571.0500000,577.9500000,568.7500000,577.5000000,577.5000000,0.6100000,179.0000000,62700.0000000,57.0000000,36015595.0000000
FUTSTKLICHSGFIN23-FEB-2023,417.7500000,417.5000000,428.6500000,416.2000000,427.7000000,427.7000000,2.3800000,117.0000000,126000.0000000,63.0000000,53333300.0000000
FUTSTKSIEMENS29-MAR-2023,2874.7000000,0.0000000,0.0000000,0.0000000,,2874.4500000,0.0000000,0.0000000,0.0000000,0.0000000,0.0000000
FUTSTKUBL29-MAR-2023,1728.8000000,1684.4500000,1684.4500000,1684.4500000,1684.4500000,1714.2000000,-0.8400000,1.0000000,400.0000000,1.0000000,673780.0000000
FUTSTKL&TFH23-FEB-2023,88.5500000,88.9500000,91.1500000,88.8500000,90.9000000,90.9000000,2.6500000,139.0000000,606832.0000000,68.0000000,54677348.0000000
FUTSTKBEL23-FEB-2023,100.6000000,100.5000000,101.4500000,100.3000000,101.0000000,101.0000000,0.3900000,625.0000000,638400.0000000,112.0000000,64406295.0000000
FUTSTKMOTHERSON29-MAR-2023,75.4500000,77.1000000,77.1500000,77.0000000,77.1000000,77.1000000,2.1800000,6.0000000,33750.0000000,5.0000000,2601112.5000000
FUTSTKGLENMARK23-FEB-2023,429.5500000,427.3500000,433.6500000,423.3500000,431.7500000,431.7500000,0.5100000,115.0000000,53650.0000000,37.0000000,22994970.0000000
FUTSTKPIIND23-FEB-2023,3461.7500000,3463.2000000,3475.0000000,3440.0000000,3449.0000000,3444.5000000,-0.4900000,20.0000000,2000.0000000,8.0000000,6916162.5000000
FUTSTKTVSMOTOR29-MAR-2023,1104.0000000,1078.0000000,1078.0000000,1067.0500000,1069.1000000,1090.5500000,-1.2100000,8.0000000,2800.0000000,4.0000000,2998170.0000000
FUTSTKCOLPAL23-FEB-2023,1552.1000000,1554.0000000,1554.0000000,1534.0000000,1539.7500000,1539.7500000,-0.7900000,63.0000000,10500.0000000,30.0000000,16169632.5000000
FUTSTKMCDOWELL-N29-MAR-2023,892.5500000,884.8000000,884.8000000,882.5500000,882.5500000,883.9000000,-0.9600000,2.0000000,1250.0000000,2.0000000,1104593.7500000
FUTSTKMARUTI25-JAN-2023,8428.3000000,8425.0000000,8479.9000000,8381.1500000,8436.4000000,8436.4000000,0.0900000,27295.0000000,467400.0000000,4674.0000000,3942367815.0000000
FUTSTKASHOKLEY29-MAR-2023,146.2000000,149.3000000,151.0500000,148.5000000,151.0000000,151.0000000,3.2800000,8.0000000,70000.0000000,14.0000000,10484250.0000000
FUTSTKGAIL25-JAN-2023,96.7000000,97.1000000,97.4500000,96.1000000,97.2500000,97.2500000,0.5600000,5826.0000000,14411250.0000000,1575.0000000,1394216152.5000000
FUTSTKPAGEIND23-FEB-2023,43384.8000000,43404.3500000,43531.0000000,42325.8000000,42472.2000000,42472.2000000,-2.1000000,78.0000000,855.0000000,57.0000000,36505937.2500000
FUTSTKSUNTV25-JAN-2023,489.6500000,492.2500000,492.5500000,485.5500000,490.4000000,490.4000000,0.1500000,5870.0000000,565500.0000000,377.0000000,276436725.0000000
FUTSTKHINDCOPPER23-FEB-2023,110.9000000,112.9000000,118.2500000,112.0000000,118.0000000,118.0000000,6.4000000,133.0000000,302400.0000000,63.0000000,35037120.0000000
FUTSTKDALBHARAT23-FEB-2023,1875.3500000,1887.1000000,1910.5000000,1887.1000000,1908.0000000,1908.0000000,1.7400000,14.0000000,2000.0000000,4.0000000,3804300.0000000
FUTSTKAPOLLOTYRE25-JAN-2023,326.5000000,326.7500000,330.9500000,326.1500000,330.1500000,330.1500000,1.1100000,3665.0000000,3384500.0000000,967.0000000,1113493325.0000000
FUTSTKTCS25-JAN-2023,3270.1500000,3270.7000000,3274.9000000,3242.1000000,3267.6500000,3267.6500000,-0.0700000,55388.0000000,1373925.0000000,7851.0000000,4480057741.2500000
FUTSTKCOROMANDEL25-JAN-2023,893.3500000,893.3500000,902.2500000,886.4000000,900.5500000,900.5500000,0.8000000,4463.0000000,534100.0000000,763.0000000,478167095.0000000
FUTSTKDIVISLAB25-JAN-2023,3427.3500000,3422.0000000,3426.5000000,3369.7000000,3391.8000000,3391.8000000,-1.0300000,17466.0000000,409200.0000000,2728.0000000,1387246350.0000000
FUTSTKHEROMOTOCO25-JAN-2023,2748.6000000,2746.3500000,2755.7000000,2717.0000000,2729.2000000,2729.2000000,-0.7000000,8007.0000000,454500.0000000,1515.0000000,1240446630.0000000
FUTSTKINDHOTEL29-MAR-2023,324.1000000,323.3500000,323.3500000,323.3500000,323.3500000,322.4000000,-0.5200000,3.0000000,2000.0000000,1.0000000,646700.0000000
FUTSTKPNB23-FEB-2023,57.1500000,57.4000000,58.2500000,56.9500000,57.9500000,57.9500000,1.3900000,594.0000000,6832000.0000000,427.0000000,395184800.0000000
FUTSTKBERGEPAINT25-JAN-2023,583.1500000,583.9500000,585.0000000,575.5000000,580.3000000,580.3000000,-0.4800000,5218.0000000,898700.0000000,817.0000000,519815835.0000000
FUTSTKSHREECEM25-JAN-2023,23188.2500000,22991.9500000,23325.0000000,22907.6000000,23256.7500000,23256.7500000,0.2900000,10493.0000000,43700.0000000,1748.0000000,1012878092.5000000
FUTSTKHDFCLIFE29-MAR-2023,578.0000000,576.7500000,580.5500000,576.7500000,580.5500000,579.6000000,0.2700000,5.0000000,2200.0000000,2.0000000,1273030.0000000
FUTSTKPERSISTENT29-MAR-2023,3937.1000000,3916.5500000,4005.0000000,3916.5500000,4005.0000000,4093.3500000,3.9600000,3.0000000,525.0000000,3.0000000,2071667.5000000
FUTSTKIDFCFIRSTB23-FEB-2023,59.5500000,59.5500000,62.2000000,59.3500000,61.9500000,61.9500000,4.0300000,438.0000000,6240000.0000000,416.0000000,381666000.0000000
FUTSTKRAMCOCEM23-FEB-2023,701.1500000,708.5000000,708.5000000,708.4000000,708.4000000,708.4000000,1.0300000,54.0000000,2550.0000000,3.0000000,1806505.0000000
FUTSTKINDUSINDBK25-JAN-2023,1226.2000000,1230.0000000,1237.2000000,1219.5000000,1234.7500000,1234.7500000,0.6900000,54174.0000000,3016350.0000000,6703.0000000,3706955932.5000000
FUTSTKSBILIFE23-FEB-2023,1248.1000000,1247.9000000,1251.3000000,1240.5500000,1248.0000000,1248.0000000,0.0000000,30.0000000,6750.0000000,9.0000000,8408850.0000000
FUTIDXNIFTY29-MAR-2023,18368.8500000,18378.0000000,18450.0000000,18336.8500000,18433.2000000,18433.2000000,0.3500000,1907.0000000,90200.0000000,1804.0000000,1660261097.5000000
FUTSTKSAIL23-FEB-2023,83.2000000,84.0000000,89.8000000,83.8500000,89.5500000,89.5500000,7.6300000,722.0000000,4440000.0000000,555.0000000,388752800.0000000
FUTSTKINDHOTEL25-JAN-2023,319.7000000,320.2500000,322.0000000,317.3500000,319.3000000,319.3000000,-0.1200000,12943.0000000,3228000.0000000,1614.0000000,1031533600.0000000
FUTSTKTATACONSUM23-FEB-2023,775.7500000,769.0500000,772.6500000,765.5000000,771.1000000,771.1000000,-0.5900000,85.0000000,23400.0000000,26.0000000,18013770.0000000
FUTIDXFINNIFTY31-JAN-2023,19068.0000000,19097.0500000,19194.5000000,19029.9000000,19168.8500000,19168.8500000,0.5200000,297.0000000,20280.0000000,507.0000000,388030652.0000000
FUTSTKMUTHOOTFIN29-MAR-2023,1050.0000000,1081.8000000,1081.8000000,1078.0000000,1080.5000000,1080.5000000,2.9000000,10.0000000,2200.0000000,4.0000000,2376165.0000000
FUTSTKFEDERALBNK29-MAR-2023,140.1000000,140.1000000,142.0000000,139.4000000,139.8500000,139.8500000,-0.1700000,12.0000000,75000.0000000,15.0000000,10566500.0000000
FUTIDXMIDCPNIFTY28-FEB-2023,7263.5000000,0.0000000,0.0000000,0.0000000,,7290.3500000,0.3600000,0.0000000,0.0000000,0.0000000,0.0000000
FUTSTKLAURUSLABS25-JAN-2023,377.5000000,378.2500000,378.8500000,372.0000000,376.0000000,376.0000000,-0.3900000,8802.0000000,1125300.0000000,1023.0000000,421726635.0000000
FUTSTKJSWSTEEL23-FEB-2023,772.7000000,774.2000000,786.9500000,771.0000000,779.8000000,779.8000000,0.9100000,204.0000000,297000.0000000,220.0000000,231687945.0000000
FUTSTKINDUSINDBK23-FEB-2023,1231.1000000,1238.2500000,1241.9500000,1224.0500000,1240.2000000,1240.2000000,0.7300000,460.0000000,58950.0000000,131.0000000,72710752.5000000
FUTSTKIDFCFIRSTB25-JAN-2023,59.2000000,58.8000000,61.8500000,58.7500000,61.5500000,61.5500000,3.9600000,10159.0000000,86385000.0000000,5759.0000000,5264232000.0000000
FUTSTKDRREDDY25-JAN-2023,4261.4500000,4277.8000000,4277.8000000,4229.5500000,4257.8000000,4257.8000000,-0.0800000,18531.0000000,238250.0000000,1906.0000000,1012043993.7500000
FUTSTKHDFCAMC25-JAN-2023,2169.8000000,2173.6000000,2188.7000000,2162.6000000,2185.3500000,2185.3500000,0.7100000,5297.0000000,145200.0000000,484.0000000,316335915.0000000
FUTSTKTATAMOTORS29-MAR-2023,393.8000000,398.0000000,402.0000000,398.0000000,400.7500000,400.7500000,1.7600000,76.0000000,101175.0000000,71.0000000,40479903.7500000
FUTSTKHAL29-MAR-2023,2560.0000000,2557.6000000,2575.0000000,2557.6000000,2563.0000000,2581.9000000,0.8500000,5.0000000,1500.0000000,5.0000000,3850680.0000000
FUTSTKPIDILITIND29-MAR-2023,2586.0000000,0.0000000,0.0000000,0.0000000,,2571.2500000,-0.5700000,2.0000000,0.0000000,0.0000000,0.0000000
FUTSTKOFSS25-JAN-2023,3037.2500000,3033.8500000,3048.3000000,3025.9000000,3041.4000000,3041.4000000,0.1300000,2368.0000000,46000.0000000,230.0000000,139720050.0000000
FUTSTKSHRIRAMFIN23-FEB-2023,1355.1500000,1357.5500000,1372.0000000,1343.6500000,1370.4500000,1370.4500000,1.1200000,372.0000000,58200.0000000,97.0000000,79196130.0000000
FUTSTKINDIGO25-JAN-2023,2020.4500000,2027.9500000,2064.8000000,2015.6000000,2055.6500000,2055.6500000,1.7400000,10695.0000000,524400.0000000,1748.0000000,1071348960.0000000
FUTSTKMGL29-MAR-2023,852.6000000,0.0000000,0.0000000,0.0000000,,859.0000000,0.7500000,0.0000000,0.0000000,0.0000000,0.0000000
FUTSTKMARICO29-MAR-2023,514.8500000,510.0000000,510.0000000,510.0000000,510.0000000,514.5000000,-0.0600000,2.0000000,1200.0000000,1.0000000,612000.0000000
FUTSTKCUMMINSIND25-JAN-2023,1376.0500000,1370.0500000,1395.0000000,1355.9500000,1390.0500000,1390.0500000,1.0100000,2702.0000000,703800.0000000,1173.0000000,969922230.0000000
FUTSTKBANDHANBNK29-MAR-2023,238.5500000,245.5000000,245.5000000,243.6000000,243.6000000,243.6000000,2.1100000,12.0000000,16200.0000000,9.0000000,3965310.0000000
FUTSTKGNFC29-MAR-2023,571.3000000,0.0000000,0.0000000,0.0000000,,571.9500000,0.1100000,12.0000000,0.0000000,0.0000000,0.0000000
FUTSTKDIXON23-FEB-2023,3891.8000000,3904.3000000,3907.6000000,3878.0500000,3878.0500000,3878.0500000,-0.3500000,143.0000000,1500.0000000,12.0000000,5839068.7500000
FUTSTKLTIM29-MAR-2023,4440.0500000,4382.0000000,4382.0000000,4360.0000000,4360.0000000,4392.6000000,-1.0600000,8.0000000,300.0000000,2.0000000,1311300.0000000
FUTSTKAUROPHARMA23-FEB-2023,442.2000000,443.3000000,443.3000000,432.9000000,439.6000000,439.6000000,-0.5800000,547.0000000,169000.0000000,169.0000000,73855000.0000000
FUTSTKBHARATFORG23-FEB-2023,883.6500000,886.2000000,895.5000000,886.2000000,892.4000000,892.4000000,0.9900000,62.0000000,34000.0000000,34.0000000,30355550.0000000
FUTSTKINDIACEM25-JAN-2023,219.8000000,221.1500000,225.5000000,219.8000000,223.6000000,223.6000000,1.7200000,5173.0000000,2995700.0000000,1033.0000000,668827725.0000000
FUTSTKAXISBANK23-FEB-2023,943.6000000,945.7000000,953.5500000,942.2500000,950.4000000,950.4000000,0.7200000,437.0000000,333600.0000000,278.0000000,316429500.0000000
FUTSTKGODREJPROP29-MAR-2023,1245.5500000,0.0000000,0.0000000,0.0000000,,1256.4500000,0.8700000,0.0000000,0.0000000,0.0000000,0.0000000
FUTSTKACC25-JAN-2023,2457.9500000,2458.6500000,2481.6500000,2452.9500000,2455.9000000,2455.9000000,-0.0800000,10192.0000000,251750.0000000,1007.0000000,620158975.0000000
FUTSTKLT23-FEB-2023,2111.4500000,2116.9000000,2121.9000000,2099.1000000,2111.5000000,2111.5000000,0.0000000,280.0000000,30600.0000000,102.0000000,64627875.0000000
FUTSTKCONCOR25-JAN-2023,742.2500000,738.5500000,748.7000000,738.5500000,743.8500000,743.8500000,0.2100000,6385.0000000,836000.0000000,836.0000000,621327600.0000000
FUTSTKMRF25-JAN-2023,88527.1000000,88391.3500000,88804.9500000,88055.5000000,88284.9000000,88284.9000000,-0.2700000,4913.0000000,5040.0000000,504.0000000,445382332.0000000
FUTSTKVOLTAS23-FEB-2023,810.3000000,810.7000000,811.9500000,803.0000000,810.8500000,810.8500000,0.0600000,372.0000000,28200.0000000,47.0000000,22778220.0000000
FUTSTKESCORTS23-FEB-2023,2134.9000000,2154.6500000,2199.0000000,2133.0500000,2146.3500000,2146.3500000,0.5300000,53.0000000,11275.0000000,41.0000000,24343825.0000000
FUTSTKBALKRISIND25-JAN-2023,2136.6500000,2126.9000000,2138.8000000,2102.8000000,2132.9500000,2132.9500000,-0.1700000,6476.0000000,298200.0000000,994.0000000,633664950.0000000
FUTSTKFEDERALBNK23-FEB-2023,140.2000000,140.0000000,141.5000000,138.2500000,139.0000000,139.0000000,-0.8500000,262.0000000,855000.0000000,171.0000000,119551000.0000000
FUTSTKAARTIIND25-JAN-2023,609.8000000,610.7000000,616.8000000,608.0500000,613.5000000,613.5000000,0.6000000,3452.0000000,411400.0000000,484.0000000,252193852.5000000
FUTSTKVOLTAS29-MAR-2023,813.9000000,811.1000000,815.0000000,809.0500000,815.0000000,815.0000000,0.1300000,3.0000000,2400.0000000,4.0000000,1947540.0000000
FUTSTKHEROMOTOCO29-MAR-2023,2785.6500000,0.0000000,0.0000000,0.0000000,,2760.1500000,-0.9100000,0.0000000,0.0000000,0.0000000,0.0000000
FUTSTKPFC25-JAN-2023,142.0500000,142.6500000,151.5000000,141.8500000,150.7000000,150.7000000,6.0800000,9581.0000000,32308200.0000000,5211.0000000,4771381120.0000000
FUTSTKHINDCOPPER29-MAR-2023,111.5000000,118.9500000,118.9500000,118.5000000,118.7000000,118.7000000,6.4500000,4.0000000,19200.0000000,4.0000000,2278560.0000000
FUTSTKLALPATHLAB29-MAR-2023,2141.7500000,2051.0000000,2100.0000000,2045.0000000,2067.7500000,2067.7500000,-3.4500000,24.0000000,8750.0000000,35.0000000,18091087.5000000
FUTSTKTITAN23-FEB-2023,2625.4500000,2630.4000000,2633.2500000,2588.0000000,2597.7000000,2597.7000000,-1.0500000,216.0000000,54000.0000000,144.0000000,140764556.2500000
FUTSTKTRENT29-MAR-2023,1374.4500000,1368.8500000,1371.0000000,1368.4500000,1369.5500000,1364.1000000,-0.7500000,22.0000000,8800.0000000,22.0000000,12052800.0000000
FUTSTKBSOFT25-JAN-2023,299.6000000,300.6500000,300.9500000,294.8000000,299.2500000,299.2500000,-0.1100000,4072.0000000,1924000.0000000,962.0000000,572299300.0000000
FUTSTKFEDERALBNK25-JAN-2023,139.7500000,140.4500000,141.3500000,137.7000000,138.4000000,138.4000000,-0.9600000,13727.0000000,27260000.0000000,5452.0000000,3802686000.0000000
FUTSTKIDEA29-MAR-2023,8.0500000,8.1500000,8.1500000,8.1000000,8.1000000,8.1500000,1.2400000,9.0000000,210000.0000000,3.0000000,1704500.0000000
FUTSTKTORNTPOWER23-FEB-2023,497.5500000,497.2000000,500.3500000,497.2000000,499.1500000,499.1500000,0.3200000,18.0000000,6000.0000000,4.0000000,2991825.0000000
FUTSTKMPHASIS25-JAN-2023,1981.9000000,1983.8500000,1984.3000000,1939.6500000,1975.8500000,1975.8500000,-0.3000000,6463.0000000,477400.0000000,1736.0000000,937818323.7500000
FUTSTKLAURUSLABS29-MAR-2023,383.2000000,376.9500000,382.2000000,376.9500000,381.3500000,379.5000000,-0.9600000,15.0000000,6600.0000000,6.0000000,2510585.0000000
FUTSTKPIIND29-MAR-2023,3478.4500000,0.0000000,0.0000000,0.0000000,,3466.6000000,-0.3400000,0.0000000,0.0000000,0.0000000,0.0000000
FUTSTKRELIANCE29-MAR-2023,2598.7000000,2595.0000000,2620.6000000,2595.0000000,2619.2500000,2619.2500000,0.7900000,70.0000000,18750.0000000,75.0000000,48997812.5000000
FUTSTKBANDHANBNK25-JAN-2023,235.8000000,244.9000000,249.5000000,237.0000000,241.3000000,241.3000000,2.3300000,25579.0000000,14740200.0000000,8189.0000000,3554946900.0000000
FUTSTKDALBHARAT29-MAR-2023,1894.6000000,0.0000000,0.0000000,0.0000000,,1918.5000000,1.2600000,0.0000000,0.0000000,0.0000000,0.0000000
FUTSTKPNB29-MAR-2023,57.5500000,57.8500000,58.5500000,57.8000000,58.4500000,58.1000000,0.9500000,30.0000000,304000.0000000,19.0000000,17708000.0000000
FUTSTKBEL29-MAR-2023,101.0000000,101.3000000,101.6000000,101.0000000,101.0000000,101.9000000,0.8900000,6.0000000,22800.0000000,4.0000000,2307930.0000000
FUTSTKAARTIIND23-FEB-2023,611.2000000,612.2000000,617.2000000,610.0000000,614.0000000,614.0000000,0.4500000,193.0000000,20400.0000000,24.0000000,12518332.5000000
FUTSTKAARTIIND29-MAR-2023,620.6000000,0.0000000,0.0000000,0.0000000,,620.7500000,0.0200000,2.0000000,0.0000000,0.0000000,0.0000000
FUTSTKTATACHEM25-JAN-2023,940.6500000,943.3000000,949.7000000,935.0500000,947.6000000,947.6000000,0.7300000,14278.0000000,1316500.0000000,2633.0000000,1242560775.0000000
FUTSTKTATAPOWER29-MAR-2023,212.0000000,212.5000000,216.2000000,212.5000000,215.9500000,215.9500000,1.8600000,25.0000000,94500.0000000,28.0000000,20287462.5000000
FUTSTKLICHSGFIN29-MAR-2023,421.2500000,429.4000000,429.4000000,429.4000000,429.4000000,429.4000000,1.9300000,1.0000000,2000.0000000,1.0000000,858800.0000000
FUTSTKBAJAJ-AUTO29-MAR-2023,3677.8500000,0.0000000,0.0000000,0.0000000,,3632.3500000,-1.2300000,0.0000000,0.0000000,0.0000000,0.0000000
FUTSTKSUNPHARMA29-MAR-2023,1018.5500000,999.0000000,1006.5000000,996.4500000,1006.5000000,1013.2500000,-0.5200000,8.0000000,3500.0000000,5.0000000,3497480.0000000
FUTSTKSHREECEM23-FEB-2023,23050.6000000,22984.1500000,23191.4000000,22800.0000000,23091.6500000,23091.6500000,0.1700000,105.0000000,925.0000000,37.0000000,21291010.0000000
FUTSTKGODREJPROP25-JAN-2023,1232.5500000,1232.7500000,1246.6500000,1221.1000000,1242.6500000,1242.6500000,0.8100000,9152.0000000,537625.0000000,1265.0000000,665122577.5000000
FUTSTKATUL25-JAN-2023,8256.6000000,8310.7500000,8325.0000000,8182.3000000,8219.4000000,8219.4000000,-0.4500000,1276.0000000,27300.0000000,364.0000000,225112042.5000000
FUTSTKBIOCON29-MAR-2023,266.8000000,263.9500000,268.2000000,263.2000000,268.1000000,268.1000000,0.4800000,12.0000000,25300.0000000,11.0000000,6704845.0000000
FUTSTKNATIONALUM25-JAN-2023,81.0000000,81.3500000,84.8500000,81.2500000,84.2500000,84.2500000,4.0100000,9223.0000000,36037500.0000000,4805.0000000,3010990125.0000000
FUTSTKMCX25-JAN-2023,1562.2000000,1510.1500000,1510.1500000,1444.8000000,1463.7000000,1463.7000000,-6.3000000,4737.0000000,1624000.0000000,4060.0000000,2386427140.0000000
FUTSTKRBLBANK25-JAN-2023,180.2500000,181.4500000,183.4000000,179.2000000,182.5000000,182.5000000,1.2400000,6731.0000000,14355000.0000000,2871.0000000,2609013000.0000000
FUTSTKPVR29-MAR-2023,1749.4500000,1749.0000000,1749.0000000,1749.0000000,1749.0000000,1754.5500000,0.2900000,1.0000000,407.0000000,1.0000000,711843.0000000
FUTSTKLUPIN25-JAN-2023,737.5000000,737.0000000,739.5000000,725.9500000,736.6500000,736.6500000,-0.1100000,7239.0000000,842350.0000000,991.0000000,617848382.5000000
FUTSTKTATACOMM23-FEB-2023,1285.8000000,1332.0500000,1342.2500000,1300.0000000,1328.4000000,1328.4000000,3.3100000,79.0000000,78500.0000000,157.0000000,103837700.0000000
FUTSTKCANFINHOME29-MAR-2023,542.1000000,0.0000000,0.0000000,0.0000000,,555.2500000,2.4200000,1.0000000,0.0000000,0.0000000,0.0000000
FUTSTKMCX23-FEB-2023,1570.0000000,1499.9000000,1499.9000000,1460.0000000,1470.6000000,1470.6000000,-6.3300000,66.0000000,28400.0000000,71.0000000,41891060.0000000
FUTSTKBHEL25-JAN-2023,79.5000000,80.8000000,81.8500000,79.5000000,80.6000000,80.6000000,1.3800000,9118.0000000,32046000.0000000,3052.0000000,2586523275.0000000
FUTSTKSBICARD23-FEB-2023,804.0500000,802.1000000,805.5500000,802.0000000,802.4500000,802.4500000,-0.1900000,146.0000000,72800.0000000,91.0000000,58423120.0000000
FUTSTKKOTAKBANK23-FEB-2023,1848.9500000,1843.4500000,1854.0000000,1839.9000000,1848.2500000,1848.2500000,-0.0300000,884.0000000,36800.0000000,92.0000000,68001500.0000000
FUTSTKTATASTEEL23-FEB-2023,114.1000000,115.3000000,120.9000000,115.2000000,120.5500000,120.5500000,5.6500000,1066.0000000,8519500.0000000,1549.0000000,1014005025.0000000
FUTSTKCANFINHOME25-JAN-2023,537.8000000,538.9000000,554.4500000,538.6500000,550.0500000,550.0500000,2.2700000,4146.0000000,1362075.0000000,1397.0000000,745360785.0000000
FUTSTKAPOLLOHOSP29-MAR-2023,4554.1500000,0.0000000,0.0000000,0.0000000,,4524.9000000,-0.6400000,3.0000000,0.0000000,0.0000000,0.0000000
FUTIDXBANKNIFTY23-FEB-2023,43306.7500000,43016.3500000,43688.0000000,43016.3000000,43564.1500000,43564.1500000,0.5900000,7186.0000000,118650.0000000,4746.0000000,5165334721.2500000
FUTSTKABFRL25-JAN-2023,289.4000000,289.4000000,291.2000000,285.2000000,287.7000000,287.7000000,-0.5800000,4630.0000000,2977000.0000000,1145.0000000,857162800.0000000
FUTSTKBHEL23-FEB-2023,80.0500000,80.3000000,82.3000000,80.1000000,80.9000000,80.9000000,1.0600000,371.0000000,3864000.0000000,368.0000000,313817700.0000000
FUTSTKBRITANNIA23-FEB-2023,4358.1000000,4386.6500000,4394.4500000,4330.0000000,4344.0000000,4344.0000000,-0.3200000,107.0000000,12000.0000000,60.0000000,52250800.0000000
FUTSTKLTTS29-MAR-2023,3746.5500000,3724.0500000,3724.0500000,3724.0500000,3724.0500000,3784.2500000,1.0000000,3.0000000,200.0000000,1.0000000,744810.0000000
FUTSTKCOROMANDEL23-FEB-2023,895.6000000,900.5000000,904.9500000,890.4500000,903.6000000,903.6000000,0.8900000,83.0000000,19600.0000000,28.0000000,17597510.0000000
FUTSTKASHOKLEY25-JAN-2023,144.3500000,147.9000000,149.9500000,146.0500000,149.6500000,149.6500000,3.6700000,12661.0000000,28875000.0000000,5775.0000000,4279579250.0000000
FUTSTKTATAPOWER23-FEB-2023,210.6000000,212.0000000,214.8000000,211.0000000,214.5500000,214.5500000,1.8700000,1033.0000000,1204875.0000000,357.0000000,257234737.5000000
FUTSTKGAIL29-MAR-2023,97.7000000,0.0000000,0.0000000,0.0000000,,98.2000000,0.5100000,0.0000000,0.0000000,0.0000000,0.0000000
FUTSTKSUNTV29-MAR-2023,495.0000000,0.0000000,0.0000000,0.0000000,,496.4000000,0.2800000,0.0000000,0.0000000,0.0000000,0.0000000
FUTSTKTATAMOTORS25-JAN-2023,390.1500000,399.0000000,399.0000000,392.7000000,397.0000000,397.0000000,1.7500000,51512.0000000,15733425.0000000,11041.0000000,6233184768.7500000
FUTSTKTATAPOWER25-JAN-2023,209.1000000,209.2000000,213.5500000,209.2000000,213.1500000,213.1500000,1.9300000,30743.0000000,14593500.0000000,4324.0000000,3091370062.5000000
FUTSTKMCX29-MAR-2023,1580.7500000,1475.0000000,1480.0000000,1475.0000000,1480.0000000,1481.4500000,-6.2800000,2.0000000,800.0000000,2.0000000,1182000.0000000
FUTSTKWHIRLPOOL23-FEB-2023,1512.9000000,1504.9500000,1510.0500000,1504.9500000,1510.0500000,1510.7500000,-0.1400000,26.0000000,1050.0000000,3.0000000,1583767.5000000
FUTSTKBATAINDIA23-FEB-2023,1670.9000000,1667.5000000,1671.5500000,1660.0000000,1670.6500000,1670.6500000,-0.0100000,157.0000000,9625.0000000,35.0000000,16037175.0000000
FUTIDXMIDCPNIFTY03-JAN-2023,7186.3500000,0.0000000,0.0000000,0.0000000,,7214.0000000,0.3800000,0.0000000,0.0000000,0.0000000,0.0000000
FUTSTKDLF23-FEB-2023,379.2500000,380.4000000,386.5500000,379.7500000,385.0500000,385.0500000,1.5200000,215.0000000,366300.0000000,222.0000000,140611845.0000000
FUTSTKOBEROIRLTY25-JAN-2023,871.0000000,870.2500000,880.0500000,868.1000000,875.6500000,875.6500000,0.5300000,8655.0000000,350000.0000000,500.0000000,306044725.0000000
FUTSTKSHREECEM29-MAR-2023,23687.6000000,23100.0000000,23100.0000000,23100.0000000,23100.0000000,23836.7500000,0.6200000,4.0000000,50.0000000,2.0000000,1155000.0000000
FUTSTKADANIENT29-MAR-2023,3818.8500000,3824.2500000,3824.2500000,3796.0000000,3810.0000000,3903.8000000,2.2200000,51.0000000,5500.0000000,22.0000000,20970087.5000000
FUTSTKICICIBANK23-FEB-2023,902.5000000,906.6000000,917.0000000,905.6000000,913.4000000,913.4000000,1.2000000,1962.0000000,283500.0000000,405.0000000,258829305.0000000
FUTSTKIDFC29-MAR-2023,82.7000000,0.0000000,0.0000000,0.0000000,,85.8500000,3.8000000,0.0000000,0.0000000,0.0000000,0.0000000
FUTSTKINFY23-FEB-2023,1526.6000000,1527.0500000,1538.0000000,1519.0000000,1535.8500000,1535.8500000,0.6000000,1447.0000000,226800.0000000,567.0000000,346825300.0000000
FUTSTKSHRIRAMFIN29-MAR-2023,1400.5000000,1339.5500000,1364.9500000,1339.5500000,1361.0000000,1408.4000000,0.5600000,4.0000000,4200.0000000,7.0000000,5710590.0000000
FUTSTKDRREDDY23-FEB-2023,4287.7500000,4260.0000000,4286.5000000,4252.7500000,4284.8000000,4284.8000000,-0.0600000,124.0000000,3250.0000000,26.0000000,13869031.2500000
FUTSTKPIIND25-JAN-2023,3443.9500000,3445.6500000,3458.5000000,3412.3000000,3428.7000000,3428.7000000,-0.4400000,6259.0000000,221000.0000000,884.0000000,757917062.5000000
FUTSTKABCAPITAL23-FEB-2023,152.3000000,152.3000000,157.4000000,152.3000000,157.1500000,157.1500000,3.1800000,85.0000000,361800.0000000,67.0000000,56126790.0000000
FUTSTKM&M25-JAN-2023,1253.3500000,1256.9000000,1272.9000000,1248.0000000,1265.6500000,1265.6500000,0.9800000,16407.0000000,2607500.0000000,3725.0000000,3297892815.0000000
FUTSTKINDHOTEL23-FEB-2023,321.5500000,320.3000000,323.5000000,319.7500000,320.8500000,320.8500000,-0.2100000,210.0000000,88000.0000000,44.0000000,28284100.0000000
FUTSTKDIVISLAB23-FEB-2023,3445.6000000,3441.8500000,3443.6000000,3390.0000000,3411.0500000,3411.0500000,-1.0000000,242.0000000,16050.0000000,107.0000000,54746707.5000000
FUTSTKBAJAJFINSV29-MAR-2023,1577.1000000,1576.0000000,1580.7000000,1559.0000000,1576.9500000,1576.9500000,0.0000000,8.0000000,9000.0000000,18.0000000,14121375.0000000
FUTSTKTORNTPOWER29-MAR-2023,500.8000000,0.0000000,0.0000000,0.0000000,,508.8000000,1.5900000,0.0000000,0.0000000,0.0000000,0.0000000
FUTSTKABCAPITAL25-JAN-2023,151.3000000,151.8500000,156.7000000,150.8000000,156.1500000,156.1500000,3.2000000,6453.0000000,10162800.0000000,1882.0000000,1566209250.0000000
FUTSTKCUB29-MAR-2023,183.5000000,0.0000000,0.0000000,0.0000000,,181.1500000,-1.2800000,0.0000000,0.0000000,0.0000000,0.0000000
FUTSTKCONCOR23-FEB-2023,744.4000000,744.4000000,745.1500000,743.6500000,743.6500000,747.5500000,0.4200000,55.0000000,3000.0000000,3.0000000,2233200.0000000
FUTSTKIDFC23-FEB-2023,82.3000000,82.7500000,85.6500000,82.3500000,85.4500000,85.4500000,3.8200000,87.0000000,1090000.0000000,109.0000000,91546500.0000000
FUTSTKNESTLEIND23-FEB-2023,19788.9000000,19770.0000000,19807.4000000,19700.0000000,19790.4000000,19790.4000000,0.0000000,115.0000000,840.0000000,21.0000000,16572760.0000000
FUTSTKBHARTIARTL23-FEB-2023,816.6000000,812.9000000,823.4500000,812.9000000,821.7000000,821.7000000,0.6200000,192.0000000,55100.0000000,58.0000000,45180812.5000000
FUTSTKBANKBARODA23-FEB-2023,186.8000000,187.5000000,189.2500000,186.3500000,187.4500000,187.4500000,0.3400000,337.0000000,1351350.0000000,231.0000000,253629675.0000000
FUTSTKADANIPORTS29-MAR-2023,835.0000000,840.5500000,840.5500000,838.5000000,838.5500000,838.5500000,0.4200000,7.0000000,2500.0000000,4.0000000,2097562.5000000
FUTSTKAMBUJACEM29-MAR-2023,533.1000000,535.2500000,535.2500000,535.2500000,535.2500000,535.1000000,0.3700000,2.0000000,1800.0000000,1.0000000,963450.0000000
FUTSTKTECHM29-MAR-2023,1035.0000000,1031.0000000,1032.0000000,1025.0000000,1028.0000000,1028.0000000,-0.6700000,17.0000000,9600.0000000,16.0000000,9874080.0000000
FUTSTKTATACOMM25-JAN-2023,1278.6500000,1311.6000000,1334.5500000,1288.4000000,1320.3500000,1320.3500000,3.2600000,4196.0000000,2588500.0000000,5177.0000000,3401642225.0000000
FUTSTKHCLTECH25-JAN-2023,1033.5000000,1032.7500000,1038.1000000,1024.7000000,1035.7000000,1035.7000000,0.2100000,12976.0000000,1222200.0000000,1746.0000000,1261212855.0000000
FUTSTKIOC25-JAN-2023,77.0000000,77.3000000,79.1000000,76.8500000,78.5500000,78.5500000,2.0100000,8074.0000000,22863750.0000000,2345.0000000,1790253562.5000000
FUTSTKDLF29-MAR-2023,381.4500000,382.0000000,386.5000000,382.0000000,385.5000000,386.3500000,1.2800000,7.0000000,14850.0000000,9.0000000,5706112.5000000
FUTSTKHCLTECH29-MAR-2023,1057.1000000,0.0000000,0.0000000,0.0000000,,1056.4000000,-0.0600000,1.0000000,0.0000000,0.0000000,0.0000000
FUTSTKJINDALSTEL25-JAN-2023,584.6500000,587.2000000,604.2000000,587.2000000,597.8500000,597.8500000,2.2500000,17514.0000000,11091250.0000000,8873.0000000,6633222437.5000000
FUTSTKDEEPAKNTR25-JAN-2023,1993.4000000,1999.0000000,2012.7500000,1982.0000000,1997.5000000,1997.5000000,0.2000000,5141.0000000,210500.0000000,842.0000000,420465975.0000000
FUTSTKBAJFINANCE25-JAN-2023,6621.9000000,6592.0500000,6643.9500000,6512.0000000,6588.7000000,6588.7000000,-0.5000000,46334.0000000,1161875.0000000,9295.0000000,7638385825.0000000
FUTSTKZEEL23-FEB-2023,243.0000000,242.9000000,246.2500000,241.5000000,245.6500000,245.6500000,1.0900000,368.0000000,516000.0000000,172.0000000,126200400.0000000
FUTSTKSHRIRAMFIN25-JAN-2023,1357.3500000,1357.8500000,1376.8500000,1342.7000000,1372.7000000,1372.7000000,1.1300000,7566.0000000,999600.0000000,1666.0000000,1362546480.0000000
FUTSTKINDUSTOWER23-FEB-2023,192.1500000,190.9500000,192.1500000,190.0000000,192.0500000,192.0500000,-0.0500000,86.0000000,64400.0000000,23.0000000,12301380.0000000
FUTSTKHCLTECH23-FEB-2023,1040.6500000,1037.4500000,1044.5000000,1032.0000000,1041.9500000,1041.9500000,0.1200000,258.0000000,42700.0000000,61.0000000,44377130.0000000
FUTSTKLTIM23-FEB-2023,4402.8500000,4406.2000000,4420.6000000,4331.5500000,4364.5000000,4364.5000000,-0.8700000,354.0000000,13800.0000000,92.0000000,60296580.0000000
FUTSTKZEEL25-JAN-2023,241.1000000,241.8000000,245.0000000,239.6000000,243.9500000,243.9500000,1.1800000,28035.0000000,7713000.0000000,2571.0000000,1875191250.0000000
FUTSTKIGL23-FEB-2023,418.3000000,419.3500000,424.8500000,419.3500000,423.3500000,423.3500000,1.2000000,86.0000000,24750.0000000,18.0000000,10457150.0000000
FUTSTKPOLYCAB23-FEB-2023,2595.0000000,2599.2000000,2624.1500000,2590.0000000,2590.0000000,2605.3500000,0.3900000,44.0000000,2100.0000000,7.0000000,5468355.0000000
FUTSTKVEDL23-FEB-2023,311.7500000,313.1500000,322.0000000,313.1000000,320.0500000,320.0500000,2.6600000,358.0000000,450000.0000000,225.0000000,143574700.0000000
FUTSTKPIDILITIND25-JAN-2023,2564.3500000,2563.9000000,2566.5000000,2518.0000000,2546.4000000,2546.4000000,-0.6900000,10171.0000000,521500.0000000,2086.0000000,1325334900.0000000
FUTSTKESCORTS25-JAN-2023,2136.5500000,2139.9000000,2201.9000000,2131.0000000,2146.9000000,2146.9000000,0.4800000,3028.0000000,772750.0000000,2810.0000000,1669611652.5000000
FUTSTKGUJGASLTD23-FEB-2023,487.8000000,487.8000000,493.3000000,486.7000000,490.8500000,490.8500000,0.6200000,139.0000000,28750.0000000,23.0000000,14070875.0000000
FUTSTKSBIN25-JAN-2023,617.0500000,618.9000000,621.5500000,613.5500000,615.2500000,615.2500000,-0.2900000,33931.0000000,14115000.0000000,9410.0000000,8709374775.0000000
FUTSTKCROMPTON29-MAR-2023,342.2000000,0.0000000,0.0000000,0.0000000,,350.1000000,2.3000000,0.0000000,0.0000000,0.0000000,0.0000000
FUTSTKSUNPHARMA25-JAN-2023,1005.7000000,1002.7500000,1004.5500000,990.6000000,1000.2500000,1000.2500000,-0.5400000,20920.0000000,1633800.0000000,2334.0000000,1632244180.0000000
FUTSTKIGL25-JAN-2023,416.0500000,415.8000000,422.4000000,415.0000000,420.9500000,420.9500000,1.1700000,5863.0000000,1724250.0000000,1254.0000000,723055506.2500000
FUTSTKAXISBANK25-JAN-2023,939.6500000,942.4500000,949.0000000,937.5000000,946.1500000,946.1500000,0.6900000,34585.0000000,8888400.0000000,7407.0000000,8388163380.0000000
FUTSTKINFY29-MAR-2023,1536.8500000,1532.0000000,1547.0000000,1530.0000000,1544.9000000,1544.9000000,0.5200000,1238.0000000,19600.0000000,49.0000000,30203660.0000000
FUTSTKLUPIN23-FEB-2023,742.7500000,740.4500000,742.0000000,731.1000000,741.6000000,741.6000000,-0.1500000,135.0000000,27200.0000000,32.0000000,20070752.5000000
FUTSTKIPCALAB25-JAN-2023,845.6500000,847.2500000,847.6500000,831.4000000,839.3500000,839.3500000,-0.7400000,2565.0000000,575900.0000000,886.0000000,482652105.0000000
FUTSTKEICHERMOT23-FEB-2023,3247.5500000,3248.9500000,3266.0000000,3222.0000000,3258.0000000,3258.0000000,0.3200000,171.0000000,8050.0000000,46.0000000,26162762.5000000
FUTSTKATUL29-MAR-2023,8399.4500000,0.0000000,0.0000000,0.0000000,,8340.9000000,-0.6900000,0.0000000,0.0000000,0.0000000,0.0000000
FUTSTKITC29-MAR-2023,332.6000000,331.8000000,335.0000000,331.0000000,334.4000000,334.4000000,0.5400000,25.0000000,46400.0000000,29.0000000,15494720.0000000
FUTSTKRAIN25-JAN-2023,171.9500000,172.2500000,180.6500000,172.2000000,179.9000000,179.9000000,4.6200000,3002.0000000,4662000.0000000,1332.0000000,830425050.0000000
FUTSTKMRF23-FEB-2023,88584.0000000,88600.0000000,88648.7000000,88167.0000000,88351.6500000,88351.6500000,-0.2600000,69.0000000,120.0000000,12.0000000,10624746.5000000
FUTSTKGNFC25-JAN-2023,560.3500000,560.3500000,571.4500000,555.7500000,566.2000000,566.2000000,1.0400000,5145.0000000,1921400.0000000,1478.0000000,1084738005.0000000
FUTSTKJKCEMENT29-MAR-2023,2970.5500000,0.0000000,0.0000000,0.0000000,,3004.1000000,1.1200000,0.0000000,0.0000000,0.0000000,0.0000000
FUTSTKINTELLECT29-MAR-2023,453.8500000,0.0000000,0.0000000,0.0000000,,454.9500000,0.2400000,0.0000000,0.0000000,0.0000000,0.0000000
FUTSTKOFSS23-FEB-2023,3059.1000000,3052.3000000,3062.3500000,3050.2000000,3062.3000000,3054.1000000,-0.1600000,145.0000000,1200.0000000,6.0000000,3670270.0000000
FUTSTKPETRONET23-FEB-2023,217.7000000,216.4000000,219.5500000,216.4000000,219.3500000,219.3500000,0.7500000,63.0000000,33000.0000000,11.0000000,7211700.0000000
FUTSTKCOLPAL25-JAN-2023,1542.8000000,1544.9500000,1546.3500000,1523.0500000,1529.2500000,1529.2500000,-0.8700000,6691.0000000,390600.0000000,1116.0000000,597662485.0000000
FUTSTKTATACOMM29-MAR-2023,1296.2500000,1335.0000000,1335.0000000,1335.0000000,1335.0000000,1339.0500000,3.3000000,1.0000000,500.0000000,1.0000000,667500.0000000
FUTSTKULTRACEMCO29-MAR-2023,7080.7000000,7141.0000000,7141.0000000,7141.0000000,7141.0000000,7141.0000000,0.8500000,3.0000000,200.0000000,2.0000000,1428200.0000000
FUTSTKCHOLAFIN23-FEB-2023,730.2000000,734.7000000,740.7500000,734.7000000,740.7500000,740.7500000,1.4400000,38.0000000,6250.0000000,5.0000000,4607375.0000000
FUTSTKSAIL29-MAR-2023,84.1000000,85.2500000,90.0000000,85.1000000,89.9000000,89.9000000,6.8900000,29.0000000,376000.0000000,47.0000000,33123600.0000000
FUTSTKTATASTEEL29-MAR-2023,115.0000000,116.2000000,121.4500000,116.1500000,121.2000000,121.2000000,5.3900000,64.0000000,709500.0000000,129.0000000,85040725.0000000
FUTSTKBSOFT29-MAR-2023,302.9500000,300.1500000,302.9500000,300.1500000,302.9500000,302.9500000,0.0000000,6.0000000,8000.0000000,4.0000000,2413300.0000000
FUTSTKL&TFH25-JAN-2023,87.8000000,87.8500000,90.6500000,87.8000000,90.4000000,90.4000000,2.9600000,6800.0000000,18579768.0000000,2082.0000000,1663115013.2000000
FUTSTKINTELLECT23-FEB-2023,450.6500000,449.1500000,451.5000000,446.7500000,451.5000000,452.0500000,0.3100000,57.0000000,8000.0000000,8.0000000,3598150.0000000
FUTSTKBAJAJFINSV23-FEB-2023,1567.7500000,1567.5500000,1573.4500000,1546.4000000,1568.3500000,1568.3500000,0.0300000,460.0000000,121000.0000000,242.0000000,188738900.0000000
FUTSTKBANDHANBNK23-FEB-2023,237.1500000,248.4000000,248.5500000,238.4500000,242.8500000,242.8500000,2.4000000,345.0000000,541800.0000000,301.0000000,131341140.0000000
FUTSTKEXIDEIND29-MAR-2023,183.3500000,0.0000000,0.0000000,0.0000000,,184.4000000,0.5700000,5.0000000,0.0000000,0.0000000,0.0000000
FUTSTKLTTS23-FEB-2023,3645.1000000,3790.0000000,3790.0000000,3617.5500000,3670.4000000,3670.4000000,0.6900000,376.0000000,16000.0000000,80.0000000,58633250.0000000
FUTSTKHINDPETRO23-FEB-2023,237.2000000,237.2000000,240.4000000,237.2000000,239.7000000,239.7000000,1.0500000,53.0000000,67500.0000000,25.0000000,16119540.0000000
FUTSTKGNFC23-FEB-2023,564.3000000,566.0000000,574.2000000,563.3000000,569.7500000,569.7500000,0.9600000,163.0000000,49400.0000000,38.0000000,28072070.0000000
FUTSTKTVSMOTOR23-FEB-2023,1077.7000000,1075.8500000,1081.1500000,1054.8500000,1066.6500000,1066.6500000,-1.0200000,111.0000000,56700.0000000,81.0000000,60628330.0000000
FUTSTKMCDOWELL-N25-JAN-2023,882.9500000,880.6000000,886.3500000,867.1000000,872.7500000,872.7500000,-1.1500000,22590.0000000,1643125.0000000,2629.0000000,1435364718.7500000
FUTSTKICICIGI23-FEB-2023,1254.5000000,1245.0000000,1256.8500000,1245.0000000,1256.8500000,1253.5500000,-0.0700000,52.0000000,5950.0000000,14.0000000,7450930.0000000
FUTSTKJUBLFOOD29-MAR-2023,519.8000000,513.0000000,513.0000000,513.0000000,513.0000000,513.3000000,-1.2500000,1.0000000,1250.0000000,1.0000000,641250.0000000
FUTSTKHAL23-FEB-2023,2544.7000000,2548.6500000,2585.0000000,2540.0000000,2555.7500000,2555.7500000,0.4300000,323.0000000,26400.0000000,88.0000000,67607100.0000000
FUTSTKAUROPHARMA25-JAN-2023,440.4500000,442.0000000,442.0000000,430.6000000,437.6000000,437.6000000,-0.6400000,14144.0000000,2626000.0000000,2626.0000000,1142212750.0000000
FUTSTKADANIPORTS23-FEB-2023,829.2500000,831.7500000,836.5000000,826.5500000,832.7500000,832.7500000,0.4200000,501.0000000,101875.0000000,163.0000000,84792406.2500000
FUTSTKACC29-MAR-2023,2483.3500000,0.0000000,0.0000000,0.0000000,,2479.5000000,-0.1500000,0.0000000,0.0000000,0.0000000,0.0000000
FUTSTKULTRACEMCO23-FEB-2023,7050.5000000,7067.9500000,7120.0000000,7055.0000000,7107.2500000,7107.2500000,0.8000000,167.0000000,5500.0000000,55.0000000,39005250.0000000
FUTSTKNMDC23-FEB-2023,124.6000000,125.6000000,127.6000000,125.6000000,127.5000000,127.5000000,2.3200000,150.0000000,445500.0000000,99.0000000,56486700.0000000
FUTIDXBANKNIFTY29-MAR-2023,43522.5500000,43586.6000000,43853.6000000,43500.0000000,43739.6000000,43739.6000000,0.4900000,429.0000000,24650.0000000,986.0000000,1077411471.2500000
FUTSTKLAURUSLABS23-FEB-2023,380.2500000,380.2000000,380.2000000,374.0000000,378.3000000,378.3000000,-0.5100000,474.0000000,160600.0000000,146.0000000,60627875.0000000
FUTSTKCOALINDIA23-FEB-2023,226.5500000,227.3000000,228.5000000,225.6500000,226.8000000,226.8000000,0.1100000,426.0000000,453600.0000000,108.0000000,102990300.0000000
FUTSTKNATIONALUM29-MAR-2023,81.8000000,82.8500000,85.1000000,82.1000000,84.7000000,84.7000000,3.5400000,16.0000000,195000.0000000,26.0000000,16318875.0000000
FUTSTKTATACHEM23-FEB-2023,947.4000000,950.5000000,956.1000000,942.0000000,953.5500000,953.5500000,0.6400000,454.0000000,116500.0000000,233.0000000,110850950.0000000
FUTSTKSYNGENE25-JAN-2023,587.5000000,591.5000000,591.5000000,576.5500000,581.0000000,581.0000000,-1.1000000,1430.0000000,429000.0000000,429.0000000,249677200.0000000
FUTIDXMIDCPNIFTY17-JAN-2023,7205.2500000,0.0000000,0.0000000,0.0000000,,7232.7000000,0.3800000,0.0000000,0.0000000,0.0000000,0.0000000
FUTIDXMIDCPNIFTY07-FEB-2023,7234.5000000,0.0000000,0.0000000,0.0000000,,7261.6500000,0.3700000,0.0000000,0.0000000,0.0000000,0.0000000
FUTSTKMARICO23-FEB-2023,512.7000000,511.0000000,511.0000000,503.9000000,507.6500000,507.6500000,-0.9800000,105.0000000,37200.0000000,31.0000000,18861360.0000000
FUTIDXNIFTY23-FEB-2023,18290.7500000,18308.2500000,18369.0000000,18250.0000000,18352.8500000,18352.8500000,0.3300000,19350.0000000,290450.0000000,5809.0000000,5321117067.5000000
FUTSTKABBOTINDIA25-JAN-2023,21518.6500000,21666.2500000,21704.6000000,21390.0000000,21603.1000000,21603.1000000,0.3900000,1069.0000000,10320.0000000,258.0000000,222555220.0000000
FUTSTKBIOCON25-JAN-2023,263.1500000,262.8500000,265.2000000,259.3500000,264.5000000,264.5000000,0.5100000,10103.0000000,4381500.0000000,1905.0000000,1146804035.0000000
FUTSTKONGC29-MAR-2023,149.3000000,149.9000000,150.3000000,149.9000000,150.3000000,152.9000000,2.4100000,1.0000000,7700.0000000,2.0000000,1155770.0000000
FUTSTKPVR25-JAN-2023,1720.6500000,1712.0000000,1748.3500000,1711.9500000,1735.9000000,1735.9000000,0.8800000,6261.0000000,369556.0000000,908.0000000,639978908.2500000
FUTSTKHINDALCO23-FEB-2023,478.1500000,480.9000000,494.2500000,480.0500000,490.3500000,490.3500000,2.5500000,235.0000000,462000.0000000,330.0000000,226556120.0000000
FUTSTKINDUSTOWER29-MAR-2023,193.7000000,0.0000000,0.0000000,0.0000000,,193.0500000,-0.3300000,0.0000000,0.0000000,0.0000000,0.0000000
FUTSTKINDIAMART25-JAN-2023,4269.8000000,4285.0500000,4328.8500000,4271.2000000,4304.2000000,4304.2000000,0.8000000,1779.0000000,43950.0000000,293.0000000,189005647.5000000
FUTSTKKOTAKBANK25-JAN-2023,1840.1500000,1839.6500000,1844.5000000,1828.9000000,1838.6000000,1838.6000000,-0.0800000,80007.0000000,3028800.0000000,7572.0000000,5567126780.0000000
FUTSTKJINDALSTEL29-MAR-2023,589.0000000,602.5000000,608.0000000,597.0000000,604.0500000,604.0500000,2.5500000,8.0000000,17500.0000000,14.0000000,10568000.0000000
FUTSTKBSOFT23-FEB-2023,301.7500000,302.6000000,302.6000000,297.0000000,301.1000000,301.1000000,-0.2100000,122.0000000,102000.0000000,51.0000000,30565800.0000000
FUTSTKINDIGO29-MAR-2023,2045.0000000,0.0000000,0.0000000,0.0000000,,2076.0500000,1.5100000,1.0000000,0.0000000,0.0000000,0.0000000
FUTSTKADANIENT23-FEB-2023,3838.2000000,3847.8500000,3850.4500000,3810.8500000,3829.2500000,3829.2500000,-0.2300000,1630.0000000,89500.0000000,358.0000000,343040925.0000000
FUTSTKCANBK29-MAR-2023,339.0000000,339.0500000,343.1500000,338.0000000,339.5000000,341.6500000,0.7800000,17.0000000,27000.0000000,10.0000000,9178245.0000000
FUTSTKIRCTC25-JAN-2023,641.8500000,643.9500000,646.5500000,641.2500000,645.4500000,645.4500000,0.5600000,16027.0000000,1403500.0000000,1604.0000000,903917875.0000000
FUTSTKIDEA23-FEB-2023,8.0000000,8.0000000,8.2000000,8.0000000,8.1500000,8.1500000,1.8700000,432.0000000,1680000.0000000,24.0000000,13583500.0000000
FUTSTKBEL25-JAN-2023,100.5000000,100.5500000,101.4500000,100.3000000,100.9000000,100.9000000,0.3900000,17974.0000000,10066200.0000000,1766.0000000,1015850295.0000000
FUTSTKDABUR29-MAR-2023,572.0000000,0.0000000,0.0000000,0.0000000,,570.7000000,-0.2200000,2.0000000,0.0000000,0.0000000,0.0000000
FUTSTKIGL29-MAR-2023,421.0500000,0.0000000,0.0000000,0.0000000,,425.9500000,1.1600000,0.0000000,0.0000000,0.0000000,0.0000000
FUTSTKCOFORGE23-FEB-2023,3846.1000000,3839.3000000,3871.8500000,3740.0000000,3863.6500000,3863.6500000,0.4500000,181.0000000,42000.0000000,280.0000000,159537705.0000000
FUTSTKPETRONET29-MAR-2023,219.1500000,217.5000000,219.5000000,217.5000000,219.5000000,219.5000000,0.1500000,1.0000000,6000.0000000,2.0000000,1311000.0000000
FUTSTKBPCL29-MAR-2023,333.5000000,331.0000000,336.3500000,331.0000000,336.2500000,336.2500000,0.8200000,12.0000000,21600.0000000,12.0000000,7232310.0000000
FUTSTKJINDALSTEL23-FEB-2023,587.1000000,591.8000000,605.9000000,591.8000000,599.8500000,599.8500000,2.1700000,231.0000000,292500.0000000,234.0000000,175655375.0000000
FUTSTKONGC23-FEB-2023,147.1000000,148.7000000,150.7500000,147.8500000,150.5500000,150.5500000,2.3400000,280.0000000,365750.0000000,95.0000000,54697720.0000000
FUTSTKMFSL29-MAR-2023,689.1000000,0.0000000,0.0000000,0.0000000,,694.7500000,0.8100000,0.0000000,0.0000000,0.0000000,0.0000000
FUTSTKLALPATHLAB23-FEB-2023,2156.0500000,2149.0500000,2149.0500000,2056.1500000,2101.1000000,2101.1000000,-2.5400000,331.0000000,62000.0000000,248.0000000,130023250.0000000
FUTSTKSUNPHARMA23-FEB-2023,1003.7500000,1002.0500000,1002.0500000,990.0000000,998.3000000,998.3000000,-0.5400000,193.0000000,25900.0000000,37.0000000,25775960.0000000
FUTSTKUPL23-FEB-2023,726.0500000,727.2500000,732.0000000,722.1000000,730.1500000,730.1500000,0.5600000,167.0000000,89700.0000000,69.0000000,65253630.0000000
FUTSTKSIEMENS23-FEB-2023,2854.0000000,2847.3000000,2861.7500000,2846.0000000,2847.0000000,2847.0000000,-0.2400000,36.0000000,3300.0000000,12.0000000,9405990.0000000
FUTSTKINFY25-JAN-2023,1517.1500000,1523.5000000,1529.8000000,1509.5500000,1527.3500000,1527.3500000,0.6700000,73969.0000000,3657200.0000000,9143.0000000,5562782920.0000000
FUTSTKBAJAJ-AUTO25-JAN-2023,3626.8000000,3602.1500000,3615.9000000,3530.0000000,3583.0500000,3583.0500000,-1.2000000,4550.0000000,801000.0000000,3204.0000000,2854672925.0000000
FUTSTKSBIN29-MAR-2023,620.2000000,621.6000000,622.8500000,617.8500000,618.9000000,618.9000000,-0.2000000,303.0000000,57000.0000000,38.0000000,35363475.0000000
FUTSTKCIPLA29-MAR-2023,1094.3500000,0.0000000,0.0000000,0.0000000,,1088.4000000,-0.5400000,2.0000000,0.0000000,0.0000000,0.0000000
FUTSTKUBL25-JAN-2023,1705.6000000,1695.5500000,1701.4000000,1675.0500000,1679.6000000,1679.6000000,-1.5200000,2497.0000000,238400.0000000,596.0000000,401604040.0000000
FUTSTKINTELLECT25-JAN-2023,447.9500000,450.6500000,452.4000000,443.0000000,450.6500000,450.6500000,0.6000000,4501.0000000,421000.0000000,421.0000000,188629550.0000000
FUTSTKWIPRO25-JAN-2023,393.7000000,393.3500000,394.8500000,390.3500000,393.8500000,393.8500000,0.0300000,26455.0000000,5638500.0000000,3759.0000000,2215872375.0000000
FUTSTKHDFC23-FEB-2023,2669.7500000,2664.6000000,2685.2000000,2661.3500000,2683.0000000,2683.0000000,0.4900000,373.0000000,24300.0000000,81.0000000,65002800.0000000
FUTSTKVOLTAS25-JAN-2023,804.2500000,805.4500000,807.0500000,797.0000000,805.6000000,805.6000000,0.1600000,9813.0000000,816000.0000000,1360.0000000,654745470.0000000
FUTSTKICICIBANK25-JAN-2023,897.1000000,901.2000000,911.3000000,900.1500000,908.0500000,908.0500000,1.2200000,92458.0000000,11911200.0000000,17016.0000000,10808506905.0000000
FUTIDXFINNIFTY28-FEB-2023,19114.3500000,18867.4000000,19223.1500000,18867.4000000,19223.1500000,19223.1500000,0.5600000,2.0000000,120.0000000,3.0000000,2287572.0000000
FUTSTKMRF29-MAR-2023,90048.5500000,0.0000000,0.0000000,0.0000000,,89488.0500000,-0.6200000,0.0000000,0.0000000,0.0000000,0.0000000
FUTIDXMIDCPNIFTY28-MAR-2023,7302.3000000,0.0000000,0.0000000,0.0000000,,7328.8000000,0.3600000,0.0000000,0.0000000,0.0000000,0.0000000
FUTSTKSIEMENS25-JAN-2023,2845.1000000,2853.1500000,2857.0000000,2826.4500000,2840.8000000,2840.8000000,-0.1500000,6131.0000000,252175.0000000,917.0000000,716831637.5000000
FUTSTKCIPLA25-JAN-2023,1083.0500000,1086.6000000,1086.6000000,1070.7000000,1078.1000000,1078.1000000,-0.4500000,12433.0000000,1225900.0000000,1886.0000000,1318483757.5000000
FUTSTKDIXON29-MAR-2023,3971.3500000,3890.0000000,3890.0000000,3883.3000000,3883.3000000,3960.9500000,-0.2600000,2.0000000,250.0000000,2.0000000,971662.5000000
FUTSTKRBLBANK23-FEB-2023,181.2500000,181.8500000,184.4500000,180.3000000,183.1500000,183.1500000,1.0400000,146.0000000,1075000.0000000,215.0000000,196375000.0000000
FUTSTKICICIPRULI23-FEB-2023,456.3000000,451.9500000,458.0500000,451.2000000,457.3500000,457.3500000,0.2300000,167.0000000,93000.0000000,62.0000000,42319425.0000000
FUTSTKZEEL29-MAR-2023,244.1500000,244.4500000,247.6000000,244.4500000,247.5000000,247.5000000,1.3700000,6.0000000,9000.0000000,3.0000000,2218350.0000000
FUTSTKITC23-FEB-2023,331.1000000,330.0500000,333.2000000,328.8000000,332.4000000,332.4000000,0.3900000,2480.0000000,624000.0000000,390.0000000,206839440.0000000
FUTSTKPAGEIND29-MAR-2023,43569.1500000,0.0000000,0.0000000,0.0000000,,42604.1500000,-2.2100000,0.0000000,0.0000000,0.0000000,0.0000000
FUTSTKVEDL29-MAR-2023,313.7000000,324.9000000,324.9000000,321.0000000,321.3000000,321.3000000,2.4200000,4.0000000,10000.0000000,5.0000000,3221000.0000000
FUTSTKTATACONSUM29-MAR-2023,781.0000000,0.0000000,0.0000000,0.0000000,,774.7500000,-0.8000000,4.0000000,0.0000000,0.0000000,0.0000000
FUTSTKGRASIM29-MAR-2023,1754.4500000,0.0000000,0.0000000,0.0000000,,1759.5500000,0.2900000,0.0000000,0.0000000,0.0000000,0.0000000
FUTSTKPEL23-FEB-2023,839.3500000,841.7000000,851.0500000,838.0000000,848.4000000,848.4000000,1.0700000,360.0000000,59400.0000000,108.0000000,50198692.5000000
FUTSTKZYDUSLIFE23-FEB-2023,424.3000000,423.9000000,426.1500000,418.1000000,426.0000000,426.0000000,0.4000000,96.0000000,36000.0000000,20.0000000,15201540.0000000
FUTSTKTCS23-FEB-2023,3290.7500000,3290.4500000,3294.0000000,3263.8000000,3288.3000000,3288.3000000,-0.0700000,1145.0000000,45850.0000000,262.0000000,150401273.7500000
FUTSTKULTRACEMCO25-JAN-2023,7008.2500000,7009.9000000,7080.2000000,6992.7500000,7059.2000000,7059.2000000,0.7200000,21710.0000000,294800.0000000,2948.0000000,2077945855.0000000
FUTSTKJKCEMENT25-JAN-2023,2934.5500000,2940.0000000,2979.0000000,2935.0000000,2967.7500000,2967.7500000,1.1300000,1974.0000000,108750.0000000,435.0000000,322259325.0000000
FUTSTKGAIL23-FEB-2023,97.0500000,97.7000000,97.8500000,96.5000000,97.6000000,97.6000000,0.5600000,144.0000000,869250.0000000,95.0000000,84351562.5000000
FUTSTKHDFCBANK23-FEB-2023,1639.6500000,1636.9000000,1650.0000000,1632.2000000,1643.0500000,1643.0500000,0.2000000,3956.0000000,200200.0000000,364.0000000,328622002.5000000
FUTSTKPEL29-MAR-2023,842.6000000,854.3000000,854.3000000,854.3000000,854.3000000,854.3000000,1.3800000,1.0000000,550.0000000,1.0000000,469865.0000000
FUTSTKBALKRISIND29-MAR-2023,2167.4500000,0.0000000,0.0000000,0.0000000,,2162.7500000,-0.2100000,0.0000000,0.0000000,0.0000000,0.0000000
FUTSTKAUBANK23-FEB-2023,645.0500000,648.0000000,653.0000000,648.0000000,650.8500000,650.8500000,0.8900000,104.0000000,15000.0000000,15.0000000,9748700.0000000
FUTSTKTECHM23-FEB-2023,1028.6000000,1027.8000000,1027.8000000,1015.8000000,1020.4500000,1020.4500000,-0.7900000,698.0000000,96000.0000000,160.0000000,97923900.0000000
FUTSTKBPCL23-FEB-2023,332.6500000,331.2000000,336.9000000,331.1500000,336.6000000,336.6000000,1.1800000,299.0000000,194400.0000000,108.0000000,65139120.0000000
FUTSTKRELIANCE25-JAN-2023,2565.1000000,2565.4500000,2588.0000000,2560.2000000,2585.2500000,2585.2500000,0.7800000,127218.0000000,4023250.0000000,16093.0000000,10362978950.0000000
FUTSTKCANBK25-JAN-2023,335.1500000,334.0000000,341.5500000,333.6500000,337.8000000,337.8000000,0.7900000,15181.0000000,29354400.0000000,10872.0000000,9899370585.0000000
FUTSTKBAJAJ-AUTO23-FEB-2023,3641.5000000,3601.9000000,3617.1500000,3544.3000000,3598.3500000,3598.3500000,-1.1800000,40.0000000,11500.0000000,46.0000000,41169125.0000000
FUTSTKABFRL29-MAR-2023,292.4500000,0.0000000,0.0000000,0.0000000,,291.5000000,-0.3200000,1.0000000,0.0000000,0.0000000,0.0000000
FUTSTKUPL29-MAR-2023,728.6000000,727.0000000,734.5000000,727.0000000,734.5000000,734.5000000,0.8000000,4.0000000,5200.0000000,4.0000000,3790150.0000000
FUTSTKASTRAL29-MAR-2023,1997.5000000,0.0000000,0.0000000,0.0000000,,1995.1000000,-0.1200000,0.0000000,0.0000000,0.0000000,0.0000000
FUTSTKSYNGENE23-FEB-2023,591.7500000,585.6000000,585.6000000,583.6500000,583.7000000,583.7000000,-1.3600000,17.0000000,3000.0000000,3.0000000,1752950.0000000
FUTSTKWIPRO23-FEB-2023,396.2000000,396.1000000,396.9500000,393.0000000,396.2000000,396.2000000,0.0000000,1489.0000000,484500.0000000,323.0000000,191498925.0000000
FUTSTKJUBLFOOD23-FEB-2023,516.4000000,516.4000000,516.4000000,508.7000000,511.2500000,511.2500000,-0.9900000,443.0000000,145000.0000000,116.0000000,74057500.0000000
FUTSTKASTRAL23-FEB-2023,1980.1000000,1989.7500000,2008.0500000,1977.0500000,1985.5000000,1985.5000000,0.2700000,55.0000000,3850.0000000,14.0000000,7684008.7500000
FUTSTKNAVINFLUOR23-FEB-2023,4114.0500000,4136.9500000,4170.5000000,4136.3000000,4149.8500000,4149.8500000,0.8700000,32.0000000,2100.0000000,14.0000000,8703255.0000000
FUTSTKBAJFINANCE23-FEB-2023,6664.9000000,6644.7000000,6686.3000000,6561.9000000,6633.5500000,6633.5500000,-0.4700000,941.0000000,33875.0000000,271.0000000,224258037.5000000
FUTSTKM&M23-FEB-2023,1260.6500000,1263.0000000,1278.0000000,1257.5500000,1273.0000000,1273.0000000,0.9700000,167.0000000,77700.0000000,111.0000000,98887845.0000000
FUTSTKIOC23-FEB-2023,77.3500000,77.5000000,79.2500000,77.2000000,78.9000000,78.9000000,2.0000000,243.0000000,1267500.0000000,130.0000000,99551887.5000000
FUTSTKMETROPOLIS29-MAR-2023,1350.2000000,1312.7000000,1325.0000000,1312.7000000,1325.0000000,1325.0000000,-1.8600000,4.0000000,2000.0000000,5.0000000,2637580.0000000
FUTSTKPFC29-MAR-2023,143.6000000,145.5500000,151.0000000,145.5500000,150.9000000,150.9000000,5.0800000,5.0000000,24800.0000000,4.0000000,3709150.0000000
FUTSTKBRITANNIA29-MAR-2023,4381.1000000,0.0000000,0.0000000,0.0000000,,4362.1000000,-0.4300000,0.0000000,0.0000000,0.0000000,0.0000000
FUTSTKICICIPRULI29-MAR-2023,459.0500000,0.0000000,0.0000000,0.0000000,,459.7500000,0.1500000,0.0000000,0.0000000,0.0000000,0.0000000
FUTSTKABCAPITAL29-MAR-2023,152.8000000,0.0000000,0.0000000,0.0000000,,157.9500000,3.3700000,0.0000000,0.0000000,0.0000000,0.0000000
FUTSTKICICIGI29-MAR-2023,1257.8000000,0.0000000,0.0000000,0.0000000,,1261.6000000,0.3000000,0.0000000,0.0000000,0.0000000,0.0000000
FUTSTKDALBHARAT25-JAN-2023,1868.6000000,1873.6500000,1909.4500000,1867.0000000,1900.0000000,1900.0000000,1.6800000,2381.0000000,490500.0000000,981.0000000,930473800.0000000
FUTSTKHONAUT25-JAN-2023,41734.2000000,41681.1000000,41829.7000000,41025.0500000,41092.6500000,41092.6500000,-1.5300000,2534.0000000,4785.0000000,319.0000000,197840022.7500000
FUTSTKADANIPORTS25-JAN-2023,823.6500000,826.3500000,831.5000000,820.3500000,827.3500000,827.3500000,0.4400000,101078.0000000,2823750.0000000,4518.0000000,2334579093.7500000
FUTSTKSBILIFE25-JAN-2023,1239.7000000,1240.4000000,1246.5000000,1229.7000000,1244.0000000,1244.0000000,0.3400000,7880.0000000,878250.0000000,1171.0000000,1088125800.0000000
FUTSTKHDFC25-JAN-2023,2656.4500000,2650.5500000,2673.0000000,2644.5000000,2669.0000000,2669.0000000,0.4700000,62595.0000000,1331400.0000000,4438.0000000,3544665630.0000000
FUTSTKSAIL25-JAN-2023,83.2500000,83.5000000,89.8000000,83.5000000,89.4000000,89.4000000,7.3800000,14617.0000000,81696000.0000000,10212.0000000,7163681600.0000000
FUTSTKAXISBANK29-MAR-2023,950.3500000,951.9500000,956.2000000,950.4000000,955.3000000,955.3000000,0.5200000,299.0000000,19200.0000000,16.0000000,18298980.0000000
FUTSTKPNB25-JAN-2023,56.8500000,57.0000000,57.9500000,56.5500000,57.5500000,57.5500000,1.2300000,12904.0000000,81104000.0000000,5069.0000000,4655258400.0000000
FUTSTKIBULHSGFIN25-JAN-2023,155.7500000,156.9000000,158.9000000,154.9000000,155.7500000,155.7500000,0.0000000,10952.0000000,10352000.0000000,2588.0000000,1622753600.0000000
FUTSTKAUBANK29-MAR-2023,665.6500000,0.0000000,0.0000000,0.0000000,,667.7500000,0.3100000,4.0000000,0.0000000,0.0000000,0.0000000
FUTSTKEXIDEIND23-FEB-2023,180.5500000,180.8000000,182.5500000,180.3000000,182.1000000,182.1000000,0.8500000,535.0000000,169200.0000000,47.0000000,30743640.0000000
FUTSTKDIVISLAB29-MAR-2023,3471.5500000,3430.5500000,3439.7000000,3413.7500000,3432.7500000,3432.7500000,-1.1100000,26.0000000,3150.0000000,21.0000000,10795245.0000000
FUTSTKABB29-MAR-2023,2728.9000000,0.0000000,0.0000000,0.0000000,,2723.7000000,-0.1900000,0.0000000,0.0000000,0.0000000,0.0000000
FUTSTKAUROPHARMA29-MAR-2023,445.8000000,439.0500000,442.6500000,436.1500000,442.6500000,442.6500000,-0.7000000,13.0000000,16000.0000000,16.0000000,7025600.0000000
FUTSTKALKEM23-FEB-2023,2981.4000000,2958.0000000,2980.0000000,2931.0000000,2975.6000000,2975.6000000,-0.1900000,53.0000000,3400.0000000,17.0000000,10076570.0000000
FUTSTKRECLTD25-JAN-2023,117.4000000,118.4500000,121.6500000,117.6000000,121.2500000,121.2500000,3.2700000,9797.0000000,38808000.0000000,4851.0000000,4654936800.0000000
FUTSTKIEX23-FEB-2023,141.2500000,141.8500000,143.4500000,140.9000000,143.2000000,143.2000000,1.3800000,772.0000000,491250.0000000,131.0000000,70114687.5000000
FUTSTKHINDALCO25-JAN-2023,475.4000000,479.0000000,491.7500000,477.2500000,487.6500000,487.6500000,2.5700000,14374.0000000,16207800.0000000,11577.0000000,7897846250.0000000
FUTSTKIBULHSGFIN29-MAR-2023,157.7000000,157.9000000,157.9000000,157.4500000,157.4500000,157.4500000,-0.1500000,7.0000000,8000.0000000,2.0000000,1261400.0000000
FUTSTKIOC29-MAR-2023,77.8500000,77.5000000,79.0000000,77.5000000,79.0000000,79.0000000,1.4700000,9.0000000,97500.0000000,10.0000000,7658625.0000000
FUTSTKCOALINDIA25-JAN-2023,226.1000000,227.0000000,228.2000000,225.2000000,226.0500000,226.0500000,-0.0200000,5447.0000000,7329000.0000000,1745.0000000,1660195530.0000000
FUTSTKINDUSINDBK29-MAR-2023,1237.8500000,1240.0000000,1247.9000000,1234.9000000,1246.3000000,1246.3000000,0.6800000,306.0000000,4950.0000000,11.0000000,6138495.0000000
FUTSTKMUTHOOTFIN25-JAN-2023,1057.8000000,1060.5000000,1093.2500000,1055.8500000,1091.1500000,1091.1500000,3.1500000,12089.0000000,824450.0000000,1499.0000000,890135510.0000000
FUTSTKCOLPAL29-MAR-2023,1562.6000000,1545.0000000,1545.0000000,1545.0000000,1545.0000000,1544.9500000,-1.1200000,2.0000000,700.0000000,2.0000000,1081500.0000000
FUTSTKDEEPAKNTR23-FEB-2023,1997.1000000,2000.0000000,2015.9500000,1990.0000000,2001.5500000,2001.5500000,0.2200000,223.0000000,17750.0000000,71.0000000,35520850.0000000
FUTSTKTRENT23-FEB-2023,1363.9000000,1351.6000000,1360.2500000,1351.6000000,1354.2000000,1354.2000000,-0.7100000,43.0000000,5200.0000000,13.0000000,7051240.0000000
FUTSTKOBEROIRLTY29-MAR-2023,882.8000000,0.0000000,0.0000000,0.0000000,,885.8500000,0.3400000,0.0000000,0.0000000,0.0000000,0.0000000
FUTSTKAPOLLOTYRE29-MAR-2023,329.7500000,329.5500000,329.5500000,329.5500000,329.5500000,333.6000000,1.1600000,3.0000000,3500.0000000,1.0000000,1153425.0000000
FUTSTKMGL23-FEB-2023,839.7500000,840.0000000,854.0000000,840.0000000,849.9500000,849.9500000,1.2100000,125.0000000,30400.0000000,38.0000000,25680600.0000000
FUTSTKGRASIM23-FEB-2023,1740.7000000,1749.1500000,1767.0000000,1749.1500000,1753.9500000,1748.3000000,0.4300000,36.0000000,5225.0000000,11.0000000,9184505.0000000
FUTSTKCHOLAFIN29-MAR-2023,735.3000000,736.8000000,736.8000000,736.8000000,736.8000000,743.8000000,1.1500000,1.0000000,1250.0000000,1.0000000,921000.0000000
FUTSTKIBULHSGFIN23-FEB-2023,156.7000000,157.6000000,159.7000000,155.8500000,156.6000000,156.6000000,-0.0600000,220.0000000,672000.0000000,168.0000000,106041200.0000000
FUTSTKCUMMINSIND29-MAR-2023,1404.0000000,1370.0000000,1370.0000000,1370.0000000,1370.0000000,1408.2500000,0.3000000,1.0000000,600.0000000,1.0000000,822000.0000000
FUTSTKNATIONALUM23-FEB-2023,81.1000000,81.8000000,84.9500000,81.2500000,84.4500000,84.4500000,4.1300000,229.0000000,1387500.0000000,185.0000000,116189625.0000000
FUTSTKMCDOWELL-N23-FEB-2023,888.5000000,888.4500000,888.4500000,873.5500000,878.5500000,878.5500000,-1.1100000,158.0000000,57500.0000000,92.0000000,50525218.7500000
FUTSTKRAMCOCEM29-MAR-2023,712.2500000,0.0000000,0.0000000,0.0000000,,717.7000000,0.7600000,0.0000000,0.0000000,0.0000000,0.0000000
FUTSTKMANAPPURAM23-FEB-2023,117.0500000,117.7500000,120.9500000,117.1500000,120.3500000,120.3500000,2.8100000,318.0000000,822000.0000000,137.0000000,98423100.0000000
FUTSTKGODREJCP29-MAR-2023,889.0000000,905.0000000,905.0000000,905.0000000,905.0000000,905.0000000,1.7900000,3.0000000,2000.0000000,2.0000000,1810000.0000000
FUTSTKNMDC25-JAN-2023,123.8500000,124.7000000,127.2500000,124.7000000,126.8500000,126.8500000,2.4200000,7841.0000000,14328000.0000000,3184.0000000,1809125100.0000000
FUTSTKWIPRO29-MAR-2023,398.7000000,398.7000000,399.2000000,395.7500000,399.0500000,399.0500000,0.0800000,30.0000000,30000.0000000,20.0000000,11936100.0000000
FUTSTKLALPATHLAB25-JAN-2023,2204.5500000,2197.5500000,2206.5000000,2094.1500000,2147.4000000,2147.4000000,-2.5900000,4781.0000000,811500.0000000,3246.0000000,1736264212.5000000
FUTSTKBAJAJFINSV25-JAN-2023,1557.0500000,1555.0000000,1566.0000000,1535.1000000,1558.2500000,1558.2500000,0.0700000,16289.0000000,1422000.0000000,2844.0000000,2204081950.0000000
FUTSTKUPL25-JAN-2023,721.2500000,721.9500000,727.8000000,716.7500000,725.5500000,725.5500000,0.5900000,15061.0000000,2161900.0000000,1663.0000000,1563824860.0000000
FUTSTKTATASTEEL25-JAN-2023,113.4500000,114.7000000,120.2000000,114.4000000,119.8000000,119.8000000,5.5900000,38057.0000000,139364500.0000000,25339.0000000,16478099275.0000000
FUTSTKACC23-FEB-2023,2473.8000000,2473.9500000,2481.4000000,2470.1000000,2470.1000000,2470.1000000,-0.1400000,65.0000000,1750.0000000,7.0000000,4334212.5000000
FUTSTKBATAINDIA29-MAR-2023,1677.4500000,0.0000000,0.0000000,0.0000000,,1680.5500000,0.1800000,1.0000000,0.0000000,0.0000000,0.0000000
FUTSTKPETRONET25-JAN-2023,216.9000000,216.0500000,218.3500000,214.2500000,217.8500000,217.8500000,0.4300000,3743.0000000,3024000.0000000,1008.0000000,653623500.0000000
FUTSTKINDIACEM23-FEB-2023,221.4500000,222.2500000,226.0000000,222.2500000,225.0500000,225.0500000,1.6200000,60.0000000,55100.0000000,19.0000000,12383580.0000000
FUTSTKSBIN23-FEB-2023,618.5500000,619.9000000,623.1000000,615.1500000,616.5500000,616.5500000,-0.3200000,1301.0000000,1297500.0000000,865.0000000,802267950.0000000
FUTSTKHDFCBANK29-MAR-2023,1648.2500000,1642.0000000,1653.3000000,1642.0000000,1650.2500000,1650.2500000,0.1200000,834.0000000,7700.0000000,14.0000000,12698317.5000000
FUTSTKJSWSTEEL29-MAR-2023,774.9500000,788.0500000,788.0500000,781.2000000,782.0000000,782.0000000,0.9000000,5.0000000,6750.0000000,5.0000000,5293282.5000000
FUTSTKPIDILITIND23-FEB-2023,2581.2500000,2576.0500000,2576.0500000,2536.5500000,2559.5000000,2559.5000000,-0.8400000,71.0000000,8250.0000000,33.0000000,21075525.0000000
FUTSTKHONAUT23-FEB-2023,42140.7500000,0.0000000,0.0000000,0.0000000,,41210.1000000,-2.2000000,3.0000000,0.0000000,0.0000000,0.0000000
FUTSTKDABUR23-FEB-2023,568.3000000,568.3000000,568.3000000,564.7000000,567.1500000,567.1500000,-0.2000000,61.0000000,32500.0000000,26.0000000,18404562.5000000
FUTSTKTRENT25-JAN-2023,1356.2000000,1352.0500000,1359.0000000,1340.9000000,1347.0500000,1347.0500000,-0.6700000,9801.0000000,300000.0000000,750.0000000,404484020.0000000
FUTSTKBALKRISIND23-FEB-2023,2137.3500000,2120.0000000,2137.0000000,2101.7500000,2131.7500000,2131.7500000,-0.2600000,61.0000000,9300.0000000,31.0000000,19735650.0000000
FUTSTKABBOTINDIA29-MAR-2023,21733.8000000,21700.0000000,21700.0000000,21700.0000000,21700.0000000,21785.1500000,0.2300000,1.0000000,40.0000000,1.0000000,868000.0000000
FUTSTKJSWSTEEL25-JAN-2023,769.6500000,772.3500000,784.0000000,766.9500000,776.0000000,776.0000000,0.8200000,17082.0000000,9409500.0000000,6970.0000000,7300940535.0000000
FUTSTKBANKBARODA29-MAR-2023,188.2500000,188.8500000,188.9000000,188.2500000,188.5000000,188.5000000,0.1300000,18.0000000,46800.0000000,8.0000000,8827065.0000000
FUTSTKWHIRLPOOL29-MAR-2023,1522.7000000,0.0000000,0.0000000,0.0000000,,1520.4500000,-0.1400000,0.0000000,0.0000000,0.0000000,0.0000000
FUTSTKABB25-JAN-2023,2701.9000000,2691.4000000,2728.9000000,2682.0000000,2694.6500000,2694.6500000,-0.2600000,7586.0000000,310250.0000000,1241.0000000,837580625.0000000
FUTSTKHDFCBANK25-JAN-2023,1632.4500000,1630.0500000,1641.4500000,1624.3000000,1634.5500000,1634.5500000,0.1200000,98177.0000000,5175500.0000000,9410.0000000,8455055592.5000000
FUTSTKALKEM29-MAR-2023,3056.1500000,0.0000000,0.0000000,0.0000000,,3050.0000000,-0.2000000,2.0000000,0.0000000,0.0000000,0.0000000
FUTSTKMARUTI29-MAR-2023,8533.7500000,8510.0000000,8554.3500000,8510.0000000,8522.9000000,8540.5000000,0.0700000,15.0000000,900.0000000,9.0000000,7681270.0000000
FUTSTKJUBLFOOD25-JAN-2023,513.0000000,513.5000000,515.9000000,505.0000000,508.1000000,508.1000000,-0.9500000,11393.0000000,2961250.0000000,2369.0000000,1503195625.0000000
FUTSTKTVSMOTOR25-JAN-2023,1080.4500000,1071.1500000,1086.4500000,1056.4500000,1068.7500000,1068.7500000,-1.0800000,11275.0000000,2706900.0000000,3867.0000000,2897820975.0000000
FUTSTKASIANPAINT29-MAR-2023,3142.5500000,3111.4500000,3111.4500000,3075.0000000,3096.6500000,3096.6500000,-1.4600000,26.0000000,7000.0000000,35.0000000,21631370.0000000
FUTSTKTCS29-MAR-2023,3313.7500000,3296.0000000,3312.1500000,3282.7500000,3307.8500000,3307.8500000,-0.1700000,46.0000000,5250.0000000,30.0000000,17305916.2500000
FUTSTKICICIBANK29-MAR-2023,907.9500000,911.9500000,921.6000000,911.9500000,919.0000000,919.0000000,1.2100000,429.0000000,46200.0000000,66.0000000,42415625.0000000
FUTSTKSUNTV23-FEB-2023,489.4000000,488.3500000,490.0500000,485.1500000,489.4500000,489.4500000,0.0100000,96.0000000,30000.0000000,20.0000000,14648925.0000000
FUTSTKCANFINHOME23-FEB-2023,541.4000000,548.5000000,556.4000000,548.1000000,553.3000000,553.3000000,2.1900000,63.0000000,22425.0000000,23.0000000,12359782.5000000
FUTSTKM&MFIN23-FEB-2023,236.4500000,235.7000000,243.7000000,234.7500000,242.1000000,242.1000000,2.3800000,63.0000000,304000.0000000,76.0000000,73056200.0000000
FUTSTKTECHM25-JAN-2023,1021.2000000,1022.9000000,1025.4000000,1008.2000000,1013.1500000,1013.1500000,-0.7800000,21514.0000000,2218800.0000000,3698.0000000,2250444900.0000000
FUTSTKCHOLAFIN25-JAN-2023,726.6500000,731.2500000,739.9000000,727.5000000,736.8000000,736.8000000,1.3900000,5303.0000000,1531250.0000000,1225.0000000,1125566687.5000000
FUTSTKDEEPAKNTR29-MAR-2023,2003.0000000,2006.0000000,2006.0000000,2005.0000000,2005.0000000,2021.6500000,0.9300000,5.0000000,750.0000000,3.0000000,1504000.0000000
FUTSTKRELIANCE23-FEB-2023,2581.6500000,2581.1000000,2604.2000000,2578.0000000,2601.3000000,2601.3000000,0.7600000,1319.0000000,100250.0000000,401.0000000,259811125.0000000
FUTSTKCOFORGE25-JAN-2023,3873.3000000,3850.8500000,3914.8500000,3770.8000000,3897.8000000,3897.8000000,0.6300000,4283.0000000,713700.0000000,4758.0000000,2741684692.5000000
FUTSTKPOLYCAB29-MAR-2023,2613.1500000,0.0000000,0.0000000,0.0000000,,2622.0500000,0.3400000,0.0000000,0.0000000,0.0000000,0.0000000
FUTSTKL&TFH29-MAR-2023,88.7500000,89.9500000,91.5000000,89.9500000,91.5000000,91.5000000,3.0900000,3.0000000,35696.0000000,4.0000000,3237181.0000000
FUTSTKHDFCAMC29-MAR-2023,2218.8000000,0.0000000,0.0000000,0.0000000,2182.7500000,2182.7500000,-1.6200000,1.0000000,300.0000000,1.0000000,654825.0000000
FUTSTKIDEA25-JAN-2023,7.9500000,7.9500000,8.1000000,7.9000000,8.0500000,8.0500000,1.2500000,8282.0000000,47740000.0000000,682.0000000,381720500.0000000
FUTSTKMUTHOOTFIN23-FEB-2023,1051.6500000,1053.4500000,1085.0000000,1053.4500000,1083.4000000,1083.4000000,3.0100000,212.0000000,25850.0000000,47.0000000,27833382.5000000
FUTSTKLICHSGFIN25-JAN-2023,416.5500000,413.2000000,427.7000000,413.2000000,427.1500000,427.1500000,2.5400000,6336.0000000,6024000.0000000,3012.0000000,2549936400.0000000
FUTSTKZYDUSLIFE29-MAR-2023,427.1500000,0.0000000,0.0000000,0.0000000,,426.9500000,-0.0400000,1.0000000,0.0000000,0.0000000,0.0000000
FUTSTKBOSCHLTD23-FEB-2023,17395.2000000,17479.2000000,17479.4500000,17240.0000000,17349.8500000,17349.8500000,-0.2600000,27.0000000,350.0000000,7.0000000,6070765.0000000
FUTSTKWHIRLPOOL25-JAN-2023,1504.6500000,1503.3000000,1508.0000000,1494.9500000,1504.5500000,1504.5500000,0.0000000,1913.0000000,68250.0000000,195.0000000,102511640.0000000
FUTSTKM&M29-MAR-2023,1268.4500000,1262.2500000,1283.7500000,1262.2500000,1277.0000000,1283.4500000,1.1800000,8.0000000,6300.0000000,9.0000000,8038415.0000000
FUTSTKMETROPOLIS23-FEB-2023,1334.5000000,1325.0000000,1325.0000000,1297.5500000,1324.7500000,1324.7500000,-0.7300000,130.0000000,14400.0000000,36.0000000,18895060.0000000
FUTSTKNAUKRI25-JAN-2023,3938.7000000,3937.5000000,3948.6500000,3878.2000000,3917.7500000,3917.7500000,-0.5300000,9230.0000000,236500.0000000,1892.0000000,924056937.5000000
FUTSTKBANKBARODA25-JAN-2023,186.6500000,187.0000000,188.7500000,186.1000000,187.3000000,187.3000000,0.3400000,13995.0000000,30297150.0000000,5179.0000000,5677563937.5000000
FUTSTKESCORTS29-MAR-2023,2176.7000000,0.0000000,0.0000000,0.0000000,,2175.5000000,-0.0500000,0.0000000,0.0000000,0.0000000,0.0000000
FUTSTKASIANPAINT23-FEB-2023,3119.4000000,3103.5500000,3105.3500000,3052.0000000,3078.0500000,3078.0500000,-1.3200000,452.0000000,64400.0000000,322.0000000,197910650.0000000
FUTSTKDELTACORP29-MAR-2023,216.4500000,217.0500000,220.7500000,217.0500000,219.5000000,218.8000000,1.0800000,3.0000000,11200.0000000,4.0000000,2456440.0000000
FUTSTKMETROPOLIS25-JAN-2023,1334.8500000,1336.3500000,1341.8000000,1297.5500000,1323.5500000,1323.5500000,-0.8400000,3421.0000000,348000.0000000,870.0000000,457354680.0000000
FUTSTKHAVELLS25-JAN-2023,1106.3000000,1112.9500000,1117.3500000,1105.0000000,1108.1500000,1108.1500000,0.1600000,9676.0000000,455500.0000000,911.0000000,505273850.0000000
FUTSTKGUJGASLTD25-JAN-2023,488.0500000,490.2500000,493.8500000,486.1500000,491.0500000,491.0500000,0.6100000,2930.0000000,1103750.0000000,883.0000000,540768875.0000000
FUTSTKSRF23-FEB-2023,2322.5000000,2321.0000000,2324.4000000,2299.7500000,2307.9000000,2307.9000000,-0.6200000,200.0000000,40125.0000000,107.0000000,92940056.2500000
FUTSTKINDIAMART29-MAR-2023,4393.3000000,4277.0000000,4277.0000000,4269.6000000,4269.6000000,4398.0500000,0.1000000,6.0000000,300.0000000,2.0000000,1281990.0000000
FUTSTKHAVELLS29-MAR-2023,1120.2000000,1120.7000000,1121.9500000,1120.0000000,1121.9500000,1121.9500000,0.1500000,3.0000000,1500.0000000,3.0000000,1681325.0000000
FUTSTKTITAN25-JAN-2023,2610.6500000,2615.0500000,2623.5500000,2570.2000000,2580.5000000,2580.5000000,-1.1500000,16959.0000000,1512000.0000000,4032.0000000,3919377693.7500000
FUTSTKNESTLEIND29-MAR-2023,19940.9000000,19897.6500000,19897.6500000,19897.6500000,19897.6500000,19897.6500000,-0.2100000,2.0000000,40.0000000,1.0000000,795906.0000000
FUTSTKASTRAL25-JAN-2023,1971.0000000,1966.0500000,2000.0000000,1965.0000000,1973.8500000,1973.8500000,0.1400000,4997.0000000,214775.0000000,781.0000000,425148088.7500000
FUTSTKM&MFIN29-MAR-2023,238.6500000,0.0000000,0.0000000,0.0000000,,245.0000000,2.6600000,0.0000000,0.0000000,0.0000000,0.0000000
FUTSTKGRANULES25-JAN-2023,320.5500000,320.1500000,324.6500000,315.1500000,322.4500000,322.4500000,0.5900000,3702.0000000,1350000.0000000,675.0000000,432546300.0000000
FUTSTKAPOLLOHOSP25-JAN-2023,4508.6500000,4503.9500000,4537.0000000,4468.6500000,4482.5000000,4482.5000000,-0.5700000,12711.0000000,379875.0000000,3039.0000000,1708037500.0000000
FUTSTKHDFCLIFE25-JAN-2023,570.1500000,568.9000000,574.5000000,564.1500000,573.9000000,573.9000000,0.6500000,13031.0000000,1619200.0000000,1472.0000000,924394680.0000000
FUTSTKMPHASIS29-MAR-2023,2002.2000000,1989.1500000,1989.1500000,1989.1500000,1989.1500000,2001.5500000,-0.0300000,2.0000000,275.0000000,1.0000000,547016.2500000
FUTSTKATUL23-FEB-2023,8295.2500000,8295.6500000,8302.8000000,8289.5000000,8223.4500000,8223.4500000,-0.8600000,8.0000000,375.0000000,5.0000000,3100113.7500000
FUTSTKCUB23-FEB-2023,181.4500000,182.0000000,182.2000000,178.8000000,179.6500000,179.6500000,-0.9900000,95.0000000,205000.0000000,41.0000000,36972500.0000000
FUTSTKCROMPTON25-JAN-2023,338.7500000,339.7000000,346.8000000,338.4000000,346.1500000,346.1500000,2.1800000,3005.0000000,1038000.0000000,692.0000000,357053250.0000000
FUTSTKAMBUJACEM23-FEB-2023,531.4500000,533.0000000,537.5500000,530.3000000,533.7000000,533.7000000,0.4200000,597.0000000,255600.0000000,142.0000000,136435950.0000000
FUTSTKDLF25-JAN-2023,377.2500000,378.3500000,384.5000000,376.5500000,382.5500000,382.5500000,1.4000000,25885.0000000,7228650.0000000,4381.0000000,2754464955.0000000
FUTSTKGODREJCP23-FEB-2023,883.7000000,894.5500000,901.0000000,893.8000000,900.6500000,900.6500000,1.9100000,42.0000000,9000.0000000,9.0000000,8084600.0000000
FUTSTKCANBK23-FEB-2023,336.3000000,337.1000000,342.6500000,334.6000000,338.2500000,338.2500000,0.5700000,381.0000000,1325700.0000000,491.0000000,448204590.0000000
FUTSTKINDIAMART23-FEB-2023,4364.9500000,4239.0000000,4290.4000000,4239.0000000,4273.8000000,4370.0000000,0.1100000,46.0000000,750.0000000,5.0000000,3197512.5000000
FUTSTKNTPC25-JAN-2023,167.4500000,167.7000000,169.3500000,167.2000000,169.1500000,169.1500000,1.0100000,9374.0000000,8669700.0000000,1521.0000000,1462928940.0000000
FUTSTKAPOLLOHOSP23-FEB-2023,4540.5500000,4524.3000000,4564.8500000,4505.1000000,4510.9500000,4510.9500000,-0.6500000,99.0000000,10375.0000000,83.0000000,46953356.2500000
FUTSTKPOWERGRID25-JAN-2023,215.2500000,215.8500000,216.8000000,214.3000000,216.5500000,216.5500000,0.6000000,11958.0000000,5570100.0000000,2063.0000000,1202876865.0000000
FUTSTKCHAMBLFERT29-MAR-2023,312.1500000,0.0000000,0.0000000,0.0000000,,319.3000000,2.2900000,1.0000000,0.0000000,0.0000000,0.0000000
FUTSTKBALRAMCHIN23-FEB-2023,401.0500000,404.6000000,405.8000000,398.0000000,402.6000000,402.6000000,0.3800000,402.0000000,104000.0000000,65.0000000,41892720.0000000
FUTSTKIRCTC23-FEB-2023,643.3500000,646.5000000,648.0000000,642.9500000,647.1500000,647.1500000,0.5900000,1020.0000000,116375.0000000,133.0000000,75129293.7500000
FUTSTKGRANULES23-FEB-2023,323.9000000,318.1000000,326.0000000,318.1000000,324.5000000,324.5000000,0.1800000,37.0000000,22000.0000000,11.0000000,7129400.0000000
FUTSTKPERSISTENT25-JAN-2023,3873.9500000,3851.9000000,4015.9500000,3851.9000000,4007.6500000,4007.6500000,3.4500000,2700.0000000,535500.0000000,3060.0000000,2122715875.0000000
FUTIDXNIFTY25-JAN-2023,18206.8500000,18209.0000000,18294.4000000,18164.7000000,18275.8500000,18275.8500000,0.3700000,213763.0000000,5476450.0000000,109529.0000000,99894734940.0000000
FUTSTKLTIM25-JAN-2023,4387.3500000,4424.9000000,4425.0000000,4307.8500000,4348.7500000,4348.7500000,-0.8700000,12003.0000000,372750.0000000,2485.0000000,1621884547.5000000
FUTSTKSBICARD25-JAN-2023,798.7000000,800.4500000,802.1000000,794.2000000,797.4500000,797.4500000,-0.1500000,8062.0000000,488800.0000000,611.0000000,389948920.0000000
FUTSTKRBLBANK29-MAR-2023,182.5000000,182.6000000,182.6000000,182.6000000,182.6000000,184.3500000,1.0100000,2.0000000,5000.0000000,1.0000000,913000.0000000
FUTSTKBHARATFORG29-MAR-2023,894.9000000,0.0000000,0.0000000,0.0000000,,898.5000000,0.4000000,0.0000000,0.0000000,0.0000000,0.0000000
FUTSTKPFC23-FEB-2023,142.2500000,143.0000000,151.8000000,142.1500000,150.9500000,150.9500000,6.1100000,188.0000000,1550000.0000000,250.0000000,227398950.0000000
FUTSTKDRREDDY29-MAR-2023,4320.0000000,4300.0000000,4309.2500000,4300.0000000,4309.2500000,4304.2000000,-0.3600000,13.0000000,1125.0000000,9.0000000,4846606.2500000
FUTSTKIPCALAB29-MAR-2023,857.5500000,845.7000000,845.7000000,845.7000000,845.7000000,850.3500000,-0.8300000,1.0000000,650.0000000,1.0000000,549705.0000000
FUTSTKPERSISTENT23-FEB-2023,3869.5500000,3893.7500000,4004.9500000,3889.5500000,3998.0000000,3998.0000000,3.3100000,107.0000000,19250.0000000,110.0000000,76148677.5000000
FUTSTKGODREJPROP23-FEB-2023,1240.2000000,1230.0000000,1254.9500000,1230.0000000,1251.6000000,1251.6000000,0.9100000,196.0000000,17850.0000000,42.0000000,22265962.5000000
FUTSTKTATAMOTORS23-FEB-2023,392.0500000,394.5500000,400.1500000,394.5500000,398.7500000,398.7500000,1.7000000,1751.0000000,1108650.0000000,778.0000000,441468847.5000000
FUTSTKJKCEMENT23-FEB-2023,2945.0500000,2975.0000000,2975.0000000,2970.0000000,2972.0000000,2984.9500000,1.3500000,17.0000000,1500.0000000,6.0000000,4460500.0000000
FUTSTKSBICARD29-MAR-2023,809.0500000,0.0000000,0.0000000,0.0000000,,807.8000000,-0.1500000,0.0000000,0.0000000,0.0000000,0.0000000
FUTSTKCONCOR29-MAR-2023,751.4500000,0.0000000,0.0000000,0.0000000,,752.3500000,0.1100000,0.0000000,0.0000000,0.0000000,0.0000000
FUTSTKBATAINDIA25-JAN-2023,1660.3500000,1656.9000000,1664.7000000,1646.5000000,1659.3000000,1659.3000000,-0.0600000,8667.0000000,277475.0000000,1009.0000000,459074687.5000000
FUTSTKTORNTPHARM23-FEB-2023,1557.4500000,1557.5000000,1557.5000000,1557.4500000,1557.4500000,1564.0500000,0.4200000,4.0000000,1000.0000000,2.0000000,1557475.0000000
FUTSTKIRCTC29-MAR-2023,644.7500000,647.0000000,649.0000000,645.6000000,648.2500000,648.2500000,0.5400000,14.0000000,35000.0000000,40.0000000,22658737.5000000
FUTSTKDELTACORP25-JAN-2023,213.6000000,214.8500000,218.4500000,212.7000000,216.2500000,216.2500000,1.2400000,5701.0000000,3953600.0000000,1412.0000000,853622000.0000000
FUTSTKBPCL25-JAN-2023,332.7500000,333.1500000,336.6500000,329.5500000,335.9500000,335.9500000,0.9600000,8144.0000000,2664000.0000000,1480.0000000,892093860.0000000
FUTSTKBHARTIARTL29-MAR-2023,821.8000000,824.5000000,825.5000000,824.5000000,825.5000000,825.5000000,0.4500000,4.0000000,1900.0000000,2.0000000,1567500.0000000
FUTSTKLT29-MAR-2023,2119.2500000,2119.2500000,2119.2500000,2118.4500000,2118.4500000,2118.4500000,-0.0300000,24.0000000,600.0000000,2.0000000,1271310.0000000
FUTSTKHAVELLS23-FEB-2023,1113.9000000,1117.0000000,1119.8500000,1112.0500000,1113.9000000,1113.9000000,0.0000000,100.0000000,40500.0000000,81.0000000,45091750.0000000
FUTSTKEICHERMOT29-MAR-2023,3260.0000000,3261.0000000,3271.4000000,3261.0000000,3271.4000000,3281.5000000,0.6500000,5.0000000,525.0000000,3.0000000,1715665.0000000
FUTSTKFSL23-FEB-2023,103.4000000,104.2500000,104.7000000,102.8500000,104.4500000,104.4500000,1.0100000,136.0000000,114400.0000000,22.0000000,11886680.0000000
FUTSTKPVR23-FEB-2023,1724.8500000,1725.7500000,1749.4000000,1725.7500000,1737.6500000,1737.6500000,0.7400000,102.0000000,10582.0000000,26.0000000,18386815.1500000
FUTSTKHINDUNILVR29-MAR-2023,2605.0000000,2608.3500000,2608.3500000,2600.0000000,2600.0000000,2600.1000000,-0.1800000,5.0000000,900.0000000,3.0000000,2343675.0000000
FUTSTKMOTHERSON25-JAN-2023,74.6000000,73.4000000,76.4500000,73.4000000,76.1500000,76.1500000,2.0700000,10862.0000000,10442250.0000000,1547.0000000,793201275.0000000
FUTSTKOFSS29-MAR-2023,3074.9500000,0.0000000,0.0000000,0.0000000,,3073.7000000,-0.0400000,0.0000000,0.0000000,0.0000000,0.0000000
FUTSTKCIPLA23-FEB-2023,1087.8500000,1078.7000000,1085.0000000,1076.5000000,1083.4500000,1083.4500000,-0.4000000,62.0000000,17550.0000000,27.0000000,18966642.5000000
FUTSTKHINDUNILVR23-FEB-2023,2590.6000000,2600.6000000,2601.0000000,2569.7500000,2585.9000000,2585.9000000,-0.1800000,191.0000000,20400.0000000,68.0000000,52740600.0000000
FUTSTKGODREJCP25-JAN-2023,879.3500000,881.5000000,898.5000000,880.0000000,896.2500000,896.2500000,1.9200000,4898.0000000,1226000.0000000,1226.0000000,1092085400.0000000
FUTSTKBAJFINANCE29-MAR-2023,6707.4000000,6717.7500000,6717.7500000,6604.7500000,6677.0000000,6677.0000000,-0.4500000,321.0000000,3250.0000000,26.0000000,21666187.5000000
FUTSTKSRF29-MAR-2023,2334.9000000,2334.9000000,2334.9000000,2330.0000000,2330.0000000,2329.8000000,-0.2100000,4.0000000,750.0000000,2.0000000,1749337.5000000
FUTSTKCHAMBLFERT23-FEB-2023,310.9500000,312.3500000,316.0000000,310.4500000,314.9500000,314.9500000,1.2800000,390.0000000,150000.0000000,100.0000000,47031450.0000000
FUTSTKGLENMARK29-MAR-2023,431.4000000,0.0000000,0.0000000,0.0000000,,434.6500000,0.7500000,0.0000000,0.0000000,0.0000000,0.0000000
FUTSTKONGC25-JAN-2023,147.5500000,148.5000000,151.3000000,148.1500000,151.0500000,151.0500000,2.3700000,9480.0000000,13629000.0000000,3540.0000000,2044817582.5000000
FUTSTKBOSCHLTD29-MAR-2023,17558.7000000,0.0000000,0.0000000,0.0000000,,17449.6000000,-0.6200000,0.0000000,0.0000000,0.0000000,0.0000000
FUTSTKIPCALAB23-FEB-2023,845.8000000,845.6000000,845.6000000,835.0000000,839.4000000,839.4000000,-0.7500000,42.0000000,12350.0000000,19.0000000,10355410.0000000
FUTSTKMFSL25-JAN-2023,680.6000000,677.9500000,688.7000000,675.0500000,686.6500000,686.6500000,0.8800000,10295.0000000,778700.0000000,1198.0000000,531948007.5000000
FUTSTKBALRAMCHIN25-JAN-2023,399.2500000,401.1000000,406.8000000,396.5000000,401.6500000,401.6500000,0.6000000,4258.0000000,2224000.0000000,1390.0000000,893475920.0000000
FUTSTKPOLYCAB25-JAN-2023,2584.3000000,2573.8000000,2615.7500000,2558.7000000,2585.9000000,2585.9000000,0.0600000,2648.0000000,277500.0000000,925.0000000,718582605.0000000
FUTSTKCOFORGE29-MAR-2023,3836.0000000,3820.0000000,3839.8000000,3720.0000000,3839.8000000,4016.1500000,4.6900000,12.0000000,1800.0000000,12.0000000,6827302.5000000
FUTSTKASHOKLEY23-FEB-2023,145.4000000,148.1500000,150.6000000,147.0500000,150.5000000,150.5000000,3.5000000,253.0000000,800000.0000000,160.0000000,119256500.0000000
FUTSTKIEX29-MAR-2023,141.9000000,143.1500000,144.2000000,143.1000000,144.2000000,144.2000000,1.6200000,9.0000000,37500.0000000,10.0000000,5383875.0000000
FUTSTKALKEM25-JAN-2023,3010.3500000,3005.7500000,3008.9500000,2962.1500000,3002.5500000,3002.5500000,-0.2500000,1535.0000000,64200.0000000,321.0000000,191693630.0000000
FUTSTKIDFC25-JAN-2023,81.8500000,81.9500000,85.3500000,81.7500000,84.9500000,84.9500000,3.7800000,11209.0000000,26920000.0000000,2692.0000000,2252267500.0000000
FUTSTKCUMMINSIND23-FEB-2023,1367.7000000,1361.7500000,1385.0000000,1361.7500000,1385.0000000,1385.0000000,1.2600000,51.0000000,9000.0000000,15.0000000,12314850.0000000
FUTSTKAPOLLOTYRE23-FEB-2023,327.9500000,328.7500000,331.6500000,328.7000000,330.9500000,330.9500000,0.9100000,83.0000000,98000.0000000,28.0000000,32358200.0000000
FUTSTKABB23-FEB-2023,2713.9500000,2707.2000000,2710.3000000,2707.2000000,2710.3000000,2710.3000000,-0.1300000,43.0000000,1000.0000000,4.0000000,2708675.0000000
FUTSTKKOTAKBANK29-MAR-2023,1861.3500000,1861.0000000,1861.0000000,1850.3500000,1850.3500000,1854.8000000,-0.3500000,10.0000000,1600.0000000,4.0000000,2972540.0000000
FUTSTKNTPC23-FEB-2023,167.0500000,166.7000000,169.0000000,166.6500000,168.9000000,168.9000000,1.1000000,227.0000000,484500.0000000,85.0000000,81639675.0000000
FUTSTKRECLTD29-MAR-2023,118.5000000,118.8000000,122.2500000,118.8000000,121.9500000,121.9500000,2.9100000,8.0000000,72000.0000000,9.0000000,8682800.0000000
FUTSTKZYDUSLIFE25-JAN-2023,421.7000000,421.0500000,423.6500000,415.6000000,422.8000000,422.8000000,0.2600000,5685.0000000,1569600.0000000,872.0000000,659477790.0000000
FUTSTKHINDCOPPER25-JAN-2023,110.3500000,110.1000000,117.9000000,110.1000000,117.5500000,117.5500000,6.5200000,4095.0000000,12451200.0000000,2594.0000000,1433981520.0000000
FUTSTKGUJGASLTD29-MAR-2023,494.5000000,0.0000000,0.0000000,0.0000000,,498.1500000,0.7300000,0.0000000,0.0000000,0.0000000,0.0000000
FUTSTKNTPC29-MAR-2023,169.3000000,0.0000000,0.0000000,0.0000000,,170.7500000,0.8500000,0.0000000,0.0000000,0.0000000,0.0000000
FUTSTKMPHASIS23-FEB-2023,1994.0500000,1988.4500000,1990.0000000,1955.0000000,1988.2500000,1988.2500000,-0.2900000,176.0000000,20900.0000000,76.0000000,41282862.5000000
FUTSTKASIANPAINT25-JAN-2023,3102.1000000,3088.0000000,3089.7500000,3031.0500000,3056.5500000,3056.5500000,-1.4600000,26813.0000000,1735400.0000000,8677.0000000,5294060960.0000000
FUTSTKMOTHERSON23-FEB-2023,75.1500000,75.3500000,77.0000000,75.2000000,76.6500000,76.6500000,1.9900000,602.0000000,864000.0000000,128.0000000,66087225.0000000
FUTSTKGLENMARK25-JAN-2023,426.5000000,425.8500000,431.9500000,419.7000000,429.2500000,429.2500000,0.6400000,3329.0000000,1035300.0000000,714.0000000,440920132.5000000
FUTSTKNMDC29-MAR-2023,125.1500000,126.8000000,127.8500000,126.8000000,127.8500000,128.1000000,2.3500000,7.0000000,27000.0000000,6.0000000,3438000.0000000
FUTIDXFINNIFTY28-MAR-2023,19301.9500000,0.0000000,0.0000000,0.0000000,,19381.6500000,0.4100000,0.0000000,0.0000000,0.0000000,0.0000000
FUTSTKINDIGO23-FEB-2023,2031.8000000,2038.4500000,2074.2000000,2037.4000000,2065.0000000,2065.0000000,1.6300000,93.0000000,9300.0000000,31.0000000,19135740.0000000
FUTSTKSBILIFE29-MAR-2023,1252.3500000,0.0000000,0.0000000,0.0000000,,1260.3000000,0.6300000,0.0000000,0.0000000,0.0000000,0.0000000
FUTSTKFSL25-JAN-2023,103.0000000,103.4000000,104.2500000,102.1000000,104.0000000,104.0000000,0.9700000,3009.0000000,2147600.0000000,413.0000000,222037140.0000000
FUTSTKHDFC29-MAR-2023,2681.5000000,0.0000000,0.0000000,0.0000000,2681.5000000,2695.6500000,0.5200000,3.0000000,600.0000000,2.0000000,1610940.0000000
FUTSTKMARICO25-JAN-2023,513.5000000,513.5500000,514.1000000,504.2500000,509.3000000,509.3000000,-0.8100000,6612.0000000,1406400.0000000,1172.0000000,715090020.0000000
FUTSTKPOWERGRID29-MAR-2023,216.0500000,215.5500000,216.6000000,215.5500000,216.5500000,216.5500000,0.2300000,6.0000000,10800.0000000,4.0000000,2335905.0000000
FUTSTKBHEL29-MAR-2023,80.5500000,80.7000000,82.5500000,80.7000000,81.7000000,81.5000000,1.1700000,10.0000000,94500.0000000,9.0000000,7700175.0000000
FUTSTKHONAUT29-MAR-2023,42414.4500000,0.0000000,0.0000000,0.0000000,,41474.3000000,-2.2100000,0.0000000,0.0000000,0.0000000,0.0000000
FUTSTKHINDALCO29-MAR-2023,481.2500000,492.8500000,496.0000000,487.8500000,493.0500000,493.0500000,2.4500000,21.0000000,47600.0000000,34.0000000,23442440.0000000
FUTSTKIDFCFIRSTB29-MAR-2023,59.7000000,61.1000000,62.3500000,61.1000000,62.3500000,62.3500000,4.4300000,18.0000000,315000.0000000,21.0000000,19502250.0000000
FUTSTKCROMPTON23-FEB-2023,340.2500000,341.2500000,347.8500000,340.4000000,347.7000000,347.7000000,2.1800000,41.0000000,27000.0000000,18.0000000,9317625.0000000
FUTSTKUBL23-FEB-2023,1717.6500000,1689.6500000,1697.0000000,1680.6500000,1680.9000000,1680.9000000,-2.1300000,16.0000000,6000.0000000,15.0000000,10120420.0000000
FUTSTKSRF25-JAN-2023,2306.8000000,2306.5500000,2318.3000000,2283.7000000,2299.2000000,2299.2000000,-0.3200000,11888.0000000,733875.0000000,1957.0000000,1688290762.5000000
FUTSTKGMRINFRA29-MAR-2023,40.4500000,41.0500000,41.6000000,40.7500000,41.6000000,41.4500000,2.4700000,8.0000000,270000.0000000,12.0000000,11067750.0000000
FUTSTKCOROMANDEL29-MAR-2023,901.8000000,0.0000000,0.0000000,0.0000000,,912.0000000,1.1300000,0.0000000,0.0000000,0.0000000,0.0000000
FUTSTKPAGEIND25-JAN-2023,43115.1500000,43069.0500000,43373.0000000,42077.7000000,42178.6000000,42178.6000000,-2.1700000,6338.0000000,20385.0000000,1359.0000000,866463745.5000000
FUTSTKNAVINFLUOR29-MAR-2023,4138.8000000,0.0000000,0.0000000,0.0000000,,4189.5000000,1.2200000,0.0000000,0.0000000,0.0000000,0.0000000
FUTSTKOBEROIRLTY23-FEB-2023,877.4000000,875.2000000,882.7500000,875.2000000,880.2500000,880.2500000,0.3200000,14.0000000,4900.0000000,7.0000000,4308920.0000000
FUTSTKHDFCAMC23-FEB-2023,2167.6500000,2169.1500000,2185.0000000,2163.0000000,2183.9000000,2183.9000000,0.7400000,256.0000000,5100.0000000,17.0000000,11099655.0000000
FUTSTKHINDUNILVR25-JAN-2023,2577.0000000,2580.0000000,2589.7000000,2553.8000000,2571.3500000,2571.3500000,-0.2100000,26030.0000000,827400.0000000,2758.0000000,2127081945.0000000
FUTSTKRAIN29-MAR-2023,173.6500000,182.6500000,182.7000000,182.6500000,182.7000000,182.7000000,5.2100000,4.0000000,14000.0000000,4.0000000,2557625.0000000
FUTSTKGRANULES29-MAR-2023,324.2500000,0.0000000,0.0000000,0.0000000,,325.5000000,0.3800000,0.0000000,0.0000000,0.0000000,0.0000000
FUTSTKINDIACEM29-MAR-2023,222.2000000,0.0000000,0.0000000,0.0000000,,225.8000000,1.6200000,1.0000000,0.0000000,0.0000000,0.0000000
FUTSTKABFRL23-FEB-2023,291.2000000,290.8000000,292.1500000,287.7000000,289.4500000,289.4500000,-0.6000000,98.0000000,65000.0000000,25.0000000,18844930.0000000
FUTSTKHEROMOTOCO23-FEB-2023,2737.8000000,2740.1000000,2741.4500000,2710.0000000,2723.4000000,2723.4000000,-0.5200000,238.0000000,8700.0000000,29.0000000,23670750.0000000
FUTSTKLT25-JAN-2023,2100.7500000,2103.9500000,2110.4000000,2087.0000000,2098.8500000,2098.8500000,-0.0900000,26986.0000000,1281900.0000000,4273.0000000,2690759565.0000000
FUTSTKGMRINFRA23-FEB-2023,40.2000000,40.4000000,41.5000000,40.4000000,41.2500000,41.2500000,2.6100000,135.0000000,1147500.0000000,51.0000000,46885500.0000000
FUTSTKNAUKRI29-MAR-2023,3999.3500000,3933.7500000,3933.7500000,3933.7500000,3933.7500000,3975.2000000,-0.6000000,3.0000000,125.0000000,1.0000000,491718.7500000
FUTSTKTORNTPHARM29-MAR-2023,1577.1000000,0.0000000,0.0000000,0.0000000,,1574.0500000,-0.1900000,0.0000000,0.0000000,0.0000000,0.0000000
FUTIDXMIDCPNIFTY10-JAN-2023,7195.8000000,0.0000000,0.0000000,0.0000000,,7223.3500000,0.3800000,0.0000000,0.0000000,0.0000000,0.0000000
FUTSTKBERGEPAINT29-MAR-2023,591.3000000,583.0000000,583.0000000,583.0000000,583.0000000,586.7500000,-0.7600000,2.0000000,1100.0000000,1.0000000,641300.0000000
FUTSTKSYNGENE29-MAR-2023,595.6000000,0.0000000,0.0000000,0.0000000,,589.2000000,-1.0700000,0.0000000,0.0000000,0.0000000,0.0000000
FUTSTKABBOTINDIA23-FEB-2023,21593.5500000,21485.0000000,21743.6000000,21485.0000000,21637.1500000,21646.4000000,0.2400000,11.0000000,240.0000000,6.0000000,5189472.0000000
FUTSTKIEX25-JAN-2023,141.0000000,141.4000000,143.3000000,140.7500000,143.0500000,143.0500000,1.4500000,10985.0000000,4380000.0000000,1168.0000000,624110250.0000000
FUTSTKLUPIN29-MAR-2023,746.2500000,744.3000000,745.0000000,743.1500000,744.3500000,744.8000000,-0.1900000,7.0000000,7650.0000000,9.0000000,5695297.5000000
FUTSTKGMRINFRA25-JAN-2023,39.9500000,40.1500000,41.2500000,40.1000000,41.0000000,41.0000000,2.6200000,5944.0000000,34042500.0000000,1513.0000000,1386140625.0000000
FUTIDXMIDCPNIFTY24-JAN-2023,7214.7000000,0.0000000,0.0000000,0.0000000,,7242.0500000,0.3700000,0.0000000,0.0000000,0.0000000,0.0000000
FUTSTKBERGEPAINT23-FEB-2023,586.5000000,584.4000000,584.6500000,579.8500000,583.4000000,583.4000000,-0.5200000,97.0000000,48400.0000000,44.0000000,28162200.0000000
FUTSTKGRASIM25-JAN-2023,1732.2000000,1745.0000000,1757.7500000,1728.3000000,1740.2500000,1740.2500000,0.4600000,15677.0000000,514900.0000000,1084.0000000,897846448.7500000
FUTSTKHINDPETRO29-MAR-2023,239.2000000,0.0000000,0.0000000,0.0000000,,241.0000000,0.7500000,0.0000000,0.0000000,0.0000000,0.0000000
FUTSTKMGL25-JAN-2023,844.4500000,846.6500000,852.9000000,838.4500000,851.2000000,851.2000000,0.7900000,3009.0000000,464800.0000000,581.0000000,393742720.0000000
FUTSTKICICIPRULI25-JAN-2023,453.3500000,452.0500000,455.9000000,447.6500000,454.6000000,454.6000000,0.2700000,11649.0000000,1348500.0000000,899.0000000,609423150.0000000
FUTIDXBANKNIFTY25-JAN-2023,43165.9000000,43248.1000000,43535.0000000,43136.0500000,43393.8000000,43393.8000000,0.5200000,87564.0000000,2930875.0000000,117235.0000000,127131065851.2500000
FUTSTKPOWERGRID23-FEB-2023,215.0500000,215.2500000,216.2500000,213.9000000,216.0000000,216.0000000,0.4400000,396.0000000,216000.0000000,80.0000000,46535715.0000000
FUTSTKNAUKRI23-FEB-2023,3957.1500000,3945.0000000,3945.0000000,3887.0000000,3928.7000000,3928.7000000,-0.7100000,230.0000000,15625.0000000,125.0000000,61219881.2500000
FUTSTKHINDPETRO25-JAN-2023,236.0500000,235.4500000,239.5000000,235.0000000,238.7000000,238.7000000,1.1200000,7349.0000000,2794500.0000000,1035.0000000,665403795.0000000
FUTSTKEXIDEIND25-JAN-2023,181.0000000,181.7000000,182.8000000,180.2500000,182.5000000,182.5000000,0.8200000,6535.0000000,3315600.0000000,921.0000000,602604180.0000000
FUTSTKRECLTD23-FEB-2023,117.6500000,118.6500000,121.9000000,117.9000000,121.5500000,121.5500000,3.3100000,222.0000000,2200000.0000000,275.0000000,263859600.0000000
FUTSTKBIOCON23-FEB-2023,265.0500000,262.5000000,266.8000000,261.3000000,266.3500000,266.3500000,0.4900000,320.0000000,262200.0000000,114.0000000,68892935.0000000
FUTSTKCUB25-JAN-2023,180.8500000,181.0000000,183.4500000,178.0000000,179.0500000,179.0500000,-0.9900000,1695.0000000,4235000.0000000,847.0000000,762215750.0000000
FUTSTKNAVINFLUOR25-JAN-2023,4096.4000000,4091.5000000,4166.9000000,4077.9500000,4138.3000000,4138.3000000,1.0200000,2402.0000000,118650.0000000,791.0000000,490688377.5000000
FUTSTKEICHERMOT25-JAN-2023,3233.9000000,3244.7500000,3259.6500000,3206.0500000,3243.9500000,3243.9500000,0.3100000,15305.0000000,555800.0000000,3176.0000000,1797205786.2500000
FUTSTKNESTLEIND25-JAN-2023,19706.3500000,19733.5000000,19787.0000000,19591.2500000,19681.7000000,19681.7000000,-0.1200000,6088.0000000,33360.0000000,834.0000000,656364444.0000000
FUTSTKPEL25-JAN-2023,833.6500000,837.6500000,846.0000000,829.2500000,842.7500000,842.7500000,1.0900000,10388.0000000,1032900.0000000,1878.0000000,868855680.0000000
FUTSTKICICIGI25-JAN-2023,1245.6500000,1248.0000000,1254.6500000,1234.5000000,1250.7000000,1250.7000000,0.4000000,7248.0000000,314075.0000000,739.0000000,391040226.2500000
FUTSTKRAMCOCEM25-JAN-2023,700.4500000,703.6500000,712.5000000,700.0000000,710.3500000,710.3500000,1.4100000,4068.0000000,571200.0000000,672.0000000,403357002.5000000
FUTSTKM&MFIN25-JAN-2023,236.0500000,235.0500000,243.5500000,234.0500000,241.9500000,241.9500000,2.4900000,5953.0000000,10684000.0000000,2671.0000000,2563515200.0000000
FUTSTKTATACONSUM25-JAN-2023,771.1500000,771.8500000,772.6000000,760.6500000,766.2500000,766.2500000,-0.6300000,9595.0000000,1452600.0000000,1614.0000000,1112004720.0000000
FUTSTKDIXON25-JAN-2023,3897.5500000,3909.5000000,3930.4500000,3879.2000000,3889.8500000,3889.8500000,-0.1900000,3187.0000000,63125.0000000,505.0000000,246102737.5000000
FUTSTKBHARATFORG25-JAN-2023,881.6500000,881.2500000,893.2000000,881.0500000,889.3000000,889.3000000,0.8600000,6390.0000000,1607000.0000000,1607.0000000,1428091950.0000000
FUTSTKBRITANNIA25-JAN-2023,4337.6500000,4367.0000000,4383.5500000,4300.0000000,4318.2500000,4318.2500000,-0.4400000,5646.0000000,421400.0000000,2107.0000000,1826829260.0000000
FUTSTKBHARTIARTL25-JAN-2023,811.4000000,802.0000000,818.8000000,802.0000000,816.3000000,816.3000000,0.6000000,41244.0000000,2469050.0000000,2599.0000000,2011130430.0000000
FUTSTKCHAMBLFERT25-JAN-2023,312.5000000,314.3000000,317.9500000,311.6500000,316.2500000,316.2500000,1.2000000,4238.0000000,2067000.0000000,1378.0000000,651306900.0000000
FUTSTKADANIENT25-JAN-2023,3864.5000000,3862.0500000,3878.9000000,3830.1000000,3851.5000000,3851.5000000,-0.3300000,50466.0000000,1807250.0000000,7229.0000000,6966850150.0000000
FUTSTKBOSCHLTD25-JAN-2023,17308.8500000,17359.9500000,17435.6500000,17150.0000000,17272.1000000,17272.1000000,-0.2100000,2545.0000000,23100.0000000,462.0000000,399082165.0000000
FUTSTKDELTACORP23-FEB-2023,215.3500000,215.9500000,219.5500000,214.5000000,217.8000000,217.8000000,1.1300000,181.0000000,229600.0000000,82.0000000,49789740.0000000
FUTSTKMARUTI23-FEB-2023,8480.2000000,8445.3000000,8531.5500000,8433.8000000,8491.7000000,8491.7000000,0.1300000,437.0000000,10100.0000000,101.0000000,85733405.0000000
FUTSTKDABUR25-JAN-2023,564.9500000,563.9000000,566.0000000,560.5500000,564.2000000,564.2000000,-0.1300000,9904.0000000,1040000.0000000,832.0000000,585176125.0000000
FUTIDXMIDCPNIFTY31-JAN-2023,7224.8500000,7209.9500000,7210.0500000,7209.9500000,7210.0500000,7251.4500000,0.3600000,0.0000000,150.0000000,2.0000000,1081500.0000000
FUTSTKTORNTPOWER25-JAN-2023,495.8000000,499.4500000,503.6000000,494.9000000,502.6500000,502.6500000,1.3800000,2132.0000000,729000.0000000,486.0000000,364016400.0000000
FUTSTKINDUSTOWER25-JAN-2023,191.3000000,190.5000000,191.8500000,189.1500000,191.2000000,191.2000000,-0.0500000,4703.0000000,1635200.0000000,584.0000000,311456040.0000000
FUTSTKHAL25-JAN-2023,2546.3000000,2551.9000000,2586.5000000,2539.5500000,2555.8000000,2555.8000000,0.3700000,10182.0000000,925500.0000000,3085.0000000,2373367995.0000000
FUTSTKAMBUJACEM25-JAN-2023,527.8000000,529.1000000,534.0000000,525.5500000,529.9500000,529.9500000,0.4000000,45248.0000000,6411600.0000000,3562.0000000,3397573350.0000000
FUTSTKTORNTPHARM25-JAN-2023,1559.9500000,1560.7500000,1561.4500000,1539.0000000,1556.5500000,1556.5500000,-0.2100000,3262.0000000,157500.0000000,315.0000000,244495025.0000000
FUTSTKAUBANK25-JAN-2023,648.6000000,649.8000000,656.5000000,649.1000000,654.4500000,654.4500000,0.9000000,7730.0000000,1338000.0000000,1338.0000000,874606850.0000000
FUTSTKITC25-JAN-2023,333.2500000,332.0000000,335.5000000,331.0000000,334.7000000,334.7000000,0.4300000,41101.0000000,5678400.0000000,3549.0000000,1894083040.0000000
FUTSTKVEDL25-JAN-2023,309.9500000,311.1000000,320.1500000,310.8500000,318.2000000,318.2000000,2.6600000,16810.0000000,14926000.0000000,7463.0000000,4737765900.0000000
